----------Final Result---Score:15.000000-----Highest Score:15.000000----------
1 4 -0.029369 0.000000 37.593271 1.000000 0.000000 0.000000 0.000000 1.000000 0.000000 0.000000 0.000000 1.000000 32316.dat
1 4 39.970631 20.000000 -2.406729 0.000000 0.000000 1.000000 0.000000 1.000000 0.000000 -1.000000 0.000000 0.000000 32316.dat
1 4 79.891575 0.000000 79.253667 1.000000 0.000000 0.000000 0.000000 1.000000 0.000000 0.000000 0.000000 1.000000 40490.dat
1 4 40.396174 20.000000 79.352644 0.000000 0.000000 1.000000 0.000000 1.000000 0.000000 -1.000000 0.000000 0.000000 32316.dat
----------Final Result---Score:15.000000-----Highest Score:15.000000----------
1 4 -0.029369 0.000000 37.593271 1.000000 0.000000 0.000000 0.000000 1.000000 0.000000 0.000000 0.000000 1.000000 32316.dat
1 4 39.970631 -20.000000 -2.406729 0.000000 0.000000 1.000000 0.000000 1.000000 0.000000 -1.000000 0.000000 0.000000 32316.dat
1 4 79.891575 0.000000 79.253667 1.000000 0.000000 0.000000 0.000000 1.000000 0.000000 0.000000 0.000000 1.000000 40490.dat
1 4 40.396174 -20.000000 79.352644 0.000000 0.000000 1.000000 0.000000 1.000000 0.000000 -1.000000 0.000000 0.000000 32316.dat
----------Final Result---Score:15.000000-----Highest Score:15.000000----------
1 4 -0.029369 0.000000 37.593271 1.000000 0.000000 0.000000 0.000000 1.000000 0.000000 0.000000 0.000000 1.000000 32316.dat
1 4 40.408364 20.000000 77.525478 0.000000 0.000000 1.000000 0.000000 1.000000 0.000000 -1.000000 0.000000 0.000000 32316.dat
1 4 80.396174 0.000000 79.352644 1.000000 0.000000 0.000000 0.000000 1.000000 0.000000 0.000000 0.000000 1.000000 40490.dat
1 4 39.891575 20.000000 -0.746333 0.000000 0.000000 1.000000 0.000000 1.000000 0.000000 -1.000000 0.000000 0.000000 32316.dat
----------Final Result---Score:15.000000-----Highest Score:15.000000----------
1 4 -0.029369 0.000000 37.593271 1.000000 0.000000 0.000000 0.000000 1.000000 0.000000 0.000000 0.000000 1.000000 32316.dat
1 4 40.408364 -20.000000 77.525478 0.000000 0.000000 1.000000 0.000000 1.000000 0.000000 -1.000000 0.000000 0.000000 32316.dat
1 4 80.396174 0.000000 79.352644 1.000000 0.000000 0.000000 0.000000 1.000000 0.000000 0.000000 0.000000 1.000000 40490.dat
1 4 39.891575 -20.000000 -0.746333 0.000000 0.000000 1.000000 0.000000 1.000000 0.000000 -1.000000 0.000000 0.000000 32316.dat
----------Final Result---Score:15.000000-----Highest Score:15.000000----------
1 4 39.970631 0.000000 -2.406729 0.000000 0.000000 1.000000 0.000000 1.000000 0.000000 -1.000000 0.000000 0.000000 32316.dat
1 4 -0.029369 20.000000 37.593271 1.000000 0.000000 0.000000 0.000000 1.000000 0.000000 0.000000 0.000000 1.000000 32316.dat
1 4 40.408364 0.000000 77.525478 0.000000 0.000000 1.000000 0.000000 1.000000 0.000000 -1.000000 0.000000 0.000000 32316.dat
1 4 80.396174 20.000000 79.352644 1.000000 0.000000 0.000000 0.000000 1.000000 0.000000 0.000000 0.000000 1.000000 40490.dat
----------Final Result---Score:15.000000-----Highest Score:15.000000----------
1 4 39.970631 0.000000 -2.406729 0.000000 0.000000 1.000000 0.000000 1.000000 0.000000 -1.000000 0.000000 0.000000 32316.dat
1 4 -0.029369 -20.000000 37.593271 1.000000 0.000000 0.000000 0.000000 1.000000 0.000000 0.000000 0.000000 1.000000 32316.dat
1 4 40.408364 0.000000 77.525478 0.000000 0.000000 1.000000 0.000000 1.000000 0.000000 -1.000000 0.000000 0.000000 32316.dat
1 4 80.396174 -20.000000 79.352644 1.000000 0.000000 0.000000 0.000000 1.000000 0.000000 0.000000 0.000000 1.000000 40490.dat
----------Final Result---Score:15.000000-----Highest Score:15.000000----------
1 4 39.970631 0.000000 -2.406729 0.000000 0.000000 1.000000 0.000000 1.000000 0.000000 -1.000000 0.000000 0.000000 32316.dat
1 4 -0.029369 20.000000 -2.406729 1.000000 0.000000 0.000000 0.000000 1.000000 0.000000 0.000000 0.000000 1.000000 32526.dat
1 4 80.402269 0.000000 158.439061 -1.000000 0.000000 0.000000 0.000000 1.000000 0.000000 -0.000000 0.000000 -1.000000 32526.dat
1 4 80.396174 20.000000 39.352644 1.000000 0.000000 0.000000 0.000000 1.000000 0.000000 0.000000 0.000000 1.000000 32316.dat
----------Final Result---Score:15.000000-----Highest Score:15.000000----------
1 4 39.970631 0.000000 -2.406729 0.000000 0.000000 1.000000 0.000000 1.000000 0.000000 -1.000000 0.000000 0.000000 32316.dat
1 4 -0.029369 -20.000000 -2.406729 1.000000 0.000000 0.000000 0.000000 1.000000 0.000000 0.000000 0.000000 1.000000 32526.dat
1 4 80.402269 0.000000 158.439061 -1.000000 0.000000 0.000000 0.000000 1.000000 0.000000 -0.000000 0.000000 -1.000000 32526.dat
1 4 80.396174 -20.000000 39.352644 1.000000 0.000000 0.000000 0.000000 1.000000 0.000000 0.000000 0.000000 1.000000 32316.dat
----------Final Result---Score:15.000000-----Highest Score:15.000000----------
1 4 39.970631 0.000000 -2.406729 0.000000 0.000000 1.000000 0.000000 1.000000 0.000000 -1.000000 0.000000 0.000000 32316.dat
1 4 79.891575 20.000000 39.253667 1.000000 0.000000 0.000000 0.000000 1.000000 0.000000 0.000000 0.000000 1.000000 32316.dat
1 4 80.396174 0.000000 159.352644 -1.000000 0.000000 0.000000 0.000000 1.000000 0.000000 -0.000000 0.000000 -1.000000 32526.dat
1 4 0.402269 20.000000 -1.560939 1.000000 0.000000 0.000000 0.000000 1.000000 0.000000 0.000000 0.000000 1.000000 32526.dat
----------Final Result---Score:15.000000-----Highest Score:15.000000----------
1 4 39.970631 0.000000 -2.406729 0.000000 0.000000 1.000000 0.000000 1.000000 0.000000 -1.000000 0.000000 0.000000 32316.dat
1 4 79.891575 -20.000000 39.253667 1.000000 0.000000 0.000000 0.000000 1.000000 0.000000 0.000000 0.000000 1.000000 32316.dat
1 4 80.396174 0.000000 159.352644 -1.000000 0.000000 0.000000 0.000000 1.000000 0.000000 -0.000000 0.000000 -1.000000 32526.dat
1 4 0.402269 -20.000000 -1.560939 1.000000 0.000000 0.000000 0.000000 1.000000 0.000000 0.000000 0.000000 1.000000 32526.dat
----------Final Result---Score:15.000000-----Highest Score:15.000000----------
1 4 39.970631 0.000000 -2.406729 0.000000 0.000000 1.000000 0.000000 1.000000 0.000000 -1.000000 0.000000 0.000000 32316.dat
1 4 79.891575 20.000000 79.253667 1.000000 0.000000 0.000000 0.000000 1.000000 0.000000 0.000000 0.000000 1.000000 40490.dat
1 4 40.396174 0.000000 79.352644 0.000000 0.000000 1.000000 0.000000 1.000000 0.000000 -1.000000 0.000000 0.000000 32316.dat
1 4 0.408364 20.000000 37.525478 1.000000 0.000000 0.000000 0.000000 1.000000 0.000000 0.000000 0.000000 1.000000 32316.dat
----------Final Result---Score:15.000000-----Highest Score:15.000000----------
1 4 39.970631 0.000000 -2.406729 0.000000 0.000000 1.000000 0.000000 1.000000 0.000000 -1.000000 0.000000 0.000000 32316.dat
1 4 79.891575 -20.000000 79.253667 1.000000 0.000000 0.000000 0.000000 1.000000 0.000000 0.000000 0.000000 1.000000 40490.dat
1 4 40.396174 0.000000 79.352644 0.000000 0.000000 1.000000 0.000000 1.000000 0.000000 -1.000000 0.000000 0.000000 32316.dat
1 4 0.408364 -20.000000 37.525478 1.000000 0.000000 0.000000 0.000000 1.000000 0.000000 0.000000 0.000000 1.000000 32316.dat
----------Final Result---Score:15.000000-----Highest Score:15.000000----------
1 4 -0.029369 0.000000 -2.406729 1.000000 0.000000 0.000000 0.000000 1.000000 0.000000 0.000000 0.000000 1.000000 32526.dat
1 4 39.970631 20.000000 -2.406729 0.000000 0.000000 1.000000 0.000000 1.000000 0.000000 -1.000000 0.000000 0.000000 32316.dat
1 4 79.891575 0.000000 39.253667 1.000000 0.000000 0.000000 0.000000 1.000000 0.000000 0.000000 0.000000 1.000000 32316.dat
1 4 80.396174 20.000000 159.352644 -1.000000 0.000000 0.000000 0.000000 1.000000 0.000000 -0.000000 0.000000 -1.000000 32526.dat
----------Final Result---Score:15.000000-----Highest Score:15.000000----------
1 4 -0.029369 0.000000 -2.406729 1.000000 0.000000 0.000000 0.000000 1.000000 0.000000 0.000000 0.000000 1.000000 32526.dat
1 4 39.970631 -20.000000 -2.406729 0.000000 0.000000 1.000000 0.000000 1.000000 0.000000 -1.000000 0.000000 0.000000 32316.dat
1 4 79.891575 0.000000 39.253667 1.000000 0.000000 0.000000 0.000000 1.000000 0.000000 0.000000 0.000000 1.000000 32316.dat
1 4 80.396174 -20.000000 159.352644 -1.000000 0.000000 0.000000 0.000000 1.000000 0.000000 -0.000000 0.000000 -1.000000 32526.dat
----------Final Result---Score:15.000000-----Highest Score:15.000000----------
1 4 -0.029369 0.000000 -2.406729 1.000000 0.000000 0.000000 0.000000 1.000000 0.000000 0.000000 0.000000 1.000000 32526.dat
1 4 80.402269 20.000000 158.439061 -1.000000 0.000000 0.000000 0.000000 1.000000 0.000000 -0.000000 0.000000 -1.000000 32526.dat
1 4 80.396174 0.000000 39.352644 1.000000 0.000000 0.000000 0.000000 1.000000 0.000000 0.000000 0.000000 1.000000 32316.dat
1 4 39.891575 20.000000 -0.746333 0.000000 0.000000 1.000000 0.000000 1.000000 0.000000 -1.000000 0.000000 0.000000 32316.dat
----------Final Result---Score:15.000000-----Highest Score:15.000000----------
1 4 -0.029369 0.000000 -2.406729 1.000000 0.000000 0.000000 0.000000 1.000000 0.000000 0.000000 0.000000 1.000000 32526.dat
1 4 80.402269 -20.000000 158.439061 -1.000000 0.000000 0.000000 0.000000 1.000000 0.000000 -0.000000 0.000000 -1.000000 32526.dat
1 4 80.396174 0.000000 39.352644 1.000000 0.000000 0.000000 0.000000 1.000000 0.000000 0.000000 0.000000 1.000000 32316.dat
1 4 39.891575 -20.000000 -0.746333 0.000000 0.000000 1.000000 0.000000 1.000000 0.000000 -1.000000 0.000000 0.000000 32316.dat