1 4 0 0 0 0 0 1 0 1 0 1 0 0  18654.dat
0 x轴，绿色
1 2 80 0 0 0 0 1 0 1 0 1 0 0  18654.dat
0 y轴，浅蓝色
1 3 0 80 0 0 0 1 0 1 0 1 0 0  18654.dat
0 z轴，粉红色
1 5 0 0 80 0 0 1 0 1 0 1 0 0  18654.dat

1 4 0.614523 -80.000000 0.882448 1 0 0 0 1 0 0 0 1 18654.dat
1 4 0.586379 -80.000000 20.865918 1 0 0 0 1 0 0 0 1 18654.dat
1 4 0.558235 -80.000000 40.849387 1 0 0 0 1 0 0 0 1 18654.dat
1 4 0.530090 -80.000000 60.832857 1 0 0 0 1 0 0 0 1 18654.dat
1 4 0.501946 -80.000000 80.816326 1 0 0 0 1 0 0 0 1 18654.dat
1 4 20.478404 -80.000000 80.619782 1 0 0 0 1 0 0 0 1 18654.dat
1 4 40.454862 -80.000000 80.423239 1 0 0 0 1 0 0 0 1 18654.dat
1 4 60.431319 -80.000000 80.226695 1 0 0 0 1 0 0 0 1 18654.dat
1 4 80.407777 -80.000000 80.030151 1 0 0 0 1 0 0 0 1 18654.dat
1 4 80.461584 -80.000000 60.044487 1 0 0 0 1 0 0 0 1 18654.dat
1 4 80.515391 -80.000000 40.058823 1 0 0 0 1 0 0 0 1 18654.dat
1 4 80.569199 -80.000000 20.073159 1 0 0 0 1 0 0 0 1 18654.dat
1 4 80.623006 -80.000000 0.087495 1 0 0 0 1 0 0 0 1 18654.dat
1 4 79.675043 -80.000000 160.086120 1 0 0 0 1 0 0 0 1 18654.dat
1 4 79.858227 -80.000000 140.072128 1 0 0 0 1 0 0 0 1 18654.dat
1 4 80.041410 -80.000000 120.058136 1 0 0 0 1 0 0 0 1 18654.dat
1 4 80.224594 -80.000000 100.044143 1 0 0 0 1 0 0 0 1 18654.dat
1 4 0.501946 -60.000000 80.816326 1 0 0 0 1 0 0 0 1 18654.dat
1 4 80.407777 -60.000000 80.030151 1 0 0 0 1 0 0 0 1 18654.dat
1 4 0.501946 -40.000000 80.816326 1 0 0 0 1 0 0 0 1 18654.dat
1 4 80.407777 -40.000000 80.030151 1 0 0 0 1 0 0 0 1 18654.dat
1 4 0.501946 -20.000000 80.816326 1 0 0 0 1 0 0 0 1 18654.dat
1 4 80.407777 -20.000000 80.030151 1 0 0 0 1 0 0 0 1 18654.dat
1 4 0.614523 0.000000 0.882448 1 0 0 0 1 0 0 0 1 18654.dat
1 4 0.586379 0.000000 20.865918 1 0 0 0 1 0 0 0 1 18654.dat
1 4 0.558235 0.000000 40.849387 1 0 0 0 1 0 0 0 1 18654.dat
1 4 0.530090 0.000000 60.832857 1 0 0 0 1 0 0 0 1 18654.dat
1 4 0.501946 0.000000 80.816326 1 0 0 0 1 0 0 0 1 18654.dat
1 4 20.478404 0.000000 80.619782 1 0 0 0 1 0 0 0 1 18654.dat
1 4 40.454862 0.000000 80.423239 1 0 0 0 1 0 0 0 1 18654.dat
1 4 60.431319 0.000000 80.226695 1 0 0 0 1 0 0 0 1 18654.dat
1 4 80.407777 0.000000 80.030151 1 0 0 0 1 0 0 0 1 18654.dat
1 4 80.461584 0.000000 60.044487 1 0 0 0 1 0 0 0 1 18654.dat
1 4 80.515391 0.000000 40.058823 1 0 0 0 1 0 0 0 1 18654.dat
1 4 80.569199 0.000000 20.073159 1 0 0 0 1 0 0 0 1 18654.dat
1 4 80.623006 0.000000 0.087495 1 0 0 0 1 0 0 0 1 18654.dat
1 4 79.675043 0.000000 160.086120 1 0 0 0 1 0 0 0 1 18654.dat
1 4 79.858227 0.000000 140.072128 1 0 0 0 1 0 0 0 1 18654.dat
1 4 80.041410 0.000000 120.058136 1 0 0 0 1 0 0 0 1 18654.dat
1 4 80.224594 0.000000 100.044143 1 0 0 0 1 0 0 0 1 18654.dat
1 4 20.616643 0.000000 0.683710 1 0 0 0 1 0 0 0 1 18654.dat
1 4 40.618764 0.000000 0.484972 1 0 0 0 1 0 0 0 1 18654.dat
1 4 60.620885 0.000000 0.286234 1 0 0 0 1 0 0 0 1 18654.dat



1 4 -0.799749 20.000000 81.239101 1.000000 0.000000 0.000000 0.000000 1.000000 0.000000 0.000000 0.000000 1.000000 18654.dat
1 4 -0.799749 40.000000 71.239101 1.000000 0.000000 0.000000 0.000000 1.000000 0.000000 0.000000 0.000000 1.000000 43857.dat
1 4 9.200251 60.000000 81.239101 0.000000 0.000000 1.000000 0.000000 1.000000 0.000000 -1.000000 0.000000 0.000000 43857.dat
1 4 -0.799749 80.000000 61.239101 1.000000 0.000000 0.000000 0.000000 1.000000 0.000000 0.000000 0.000000 1.000000 32523.dat
1 4 19.200251 100.000000 81.239101 0.000000 0.000000 1.000000 0.000000 1.000000 0.000000 -1.000000 0.000000 0.000000 32523.dat
1 4 -0.799749 120.000000 51.239101 1.000000 0.000000 0.000000 0.000000 1.000000 0.000000 0.000000 0.000000 1.000000 32449.dat
1 4 29.200251 140.000000 81.239101 0.000000 0.000000 1.000000 0.000000 1.000000 0.000000 -1.000000 0.000000 0.000000 32449.dat
1 4 -0.799749 160.000000 41.239101 1.000000 0.000000 0.000000 0.000000 1.000000 0.000000 0.000000 0.000000 1.000000 32316.dat
1 4 39.200251 180.000000 81.239101 0.000000 0.000000 1.000000 0.000000 1.000000 0.000000 -1.000000 0.000000 0.000000 32316.dat
1 4 -0.799749 200.000000 21.239101 1.000000 0.000000 0.000000 0.000000 1.000000 0.000000 0.000000 0.000000 1.000000 32140.dat
1 4 59.200251 220.000000 81.239101 -0.000000 -0.000000 -1.000000 0.000000 -1.000000 0.000000 -1.000000 0.000000 0.000000 32140.dat
1 4 -0.799749 240.000000 81.239101 0.000000 0.000000 1.000000 0.000000 1.000000 0.000000 -1.000000 0.000000 0.000000 32056.dat