1 15 60.000000 -80.000000 160.000000 -0.800000 0.000000 0.600000 0.600000 0.000000 0.800000 -0.000000 1.000000 -0.000000 32525.dat
1 15 0.000000 -80.000000 180.000000 1.000000 0.000000 0.000000 0.000000 0.000000 -1.000000 0.000000 1.000000 0.000000 40490.dat
1 15 160.000000 -80.000000 160.000000 1.000000 0.000000 0.000000 0.000000 0.000000 -1.000000 0.000000 1.000000 0.000000 40490.dat

1 15 0.000000 0.000000 80.000000 1.000000 0.000000 0.000000 0.000000 1.000000 0.000000 0.000000 0.000000 1.000000 40490.dat
1 15 80.000000 20.000000 0.000000 0.000000 0.000000 1.000000 0.000000 1.000000 0.000000 -1.000000 0.000000 0.000000 40490.dat
1 15 80.000000 20.000000 160.000000 0.000000 0.000000 1.000000 0.000000 1.000000 0.000000 -1.000000 0.000000 0.000000 40490.dat
1 15 160.000000 0.000000 140.000000 1.000000 0.000000 0.000000 0.000000 1.000000 0.000000 0.000000 0.000000 1.000000 32278.dat
1 15 160.000000 20.000000 290.000000 1.000000 0.000000 0.000000 0.000000 1.000000 0.000000 0.000000 0.000000 1.000000 32449_double.dat



1 15 -0.000000 -80.000000 100.000000 0.000000 -1.000000 0.000000 0.600000 0.000000 0.800000 -0.800000 0.000000 0.600000 32525.dat


1 15 160.000000 -160.000000 180.000000 1.000000 0.000000 0.000000 0.000000 1.000000 0.000000 0.000000 0.000000 1.000000 32278.dat
1 15 160.000000 -140.000000 30.000000 -1.000000 0.000000 0.000000 0.000000 1.000000 0.000000 -0.000000 0.000000 -1.000000 32449_double.dat
1 15 80.000000 -140.000000 160.000000 0.000000 0.000000 1.000000 0.000000 1.000000 0.000000 -1.000000 0.000000 0.000000 40490.dat
1 15 0.000000 -160.000000 80.000000 1.000000 0.000000 0.000000 0.000000 1.000000 0.000000 0.000000 0.000000 1.000000 40490.dat



0 after Reconfiguration-------------------------------

1 15 60.000000 -80.000000 160.000000 -0.800000 0.000000 0.600000 0.600000 0.000000 0.800000 -0.000000 1.000000 -0.000000 32525.dat
1 15 0.000000 -80.000000 180.000000 1.000000 0.000000 0.000000 0.000000 0.000000 -1.000000 0.000000 1.000000 0.000000 40490.dat
1 15 160.000000 -80.000000 160.000000 1.000000 0.000000 0.000000 0.000000 0.000000 -1.000000 0.000000 1.000000 0.000000 40490.dat

1 15 0.000000 0.000000 80.000000 1.000000 0.000000 0.000000 0.000000 1.000000 0.000000 0.000000 0.000000 1.000000 40490.dat
1 15 80.000000 20.000000 0.000000 0.000000 0.000000 1.000000 0.000000 1.000000 0.000000 -1.000000 0.000000 0.000000 40490.dat
1 15 80.000000 20.000000 160.000000 0.000000 0.000000 1.000000 0.000000 1.000000 0.000000 -1.000000 0.000000 0.000000 40490.dat
1 15 160.000000 0.000000 140.000000 1.000000 0.000000 0.000000 0.000000 1.000000 0.000000 0.000000 0.000000 1.000000 32278.dat
1 15 160.000000 20.000000 290.000000 1.000000 0.000000 0.000000 0.000000 1.000000 0.000000 0.000000 0.000000 1.000000 32449_double.dat



1 15 -0.000000 -80.000000 100.000000 0.000000 -1.000000 0.000000 0.600000 0.000000 0.800000 -0.800000 0.000000 0.600000 32525.dat


1 15 160.000000 -160.000000 180.000000 1.000000 0.000000 0.000000 0.000000 1.000000 0.000000 0.000000 0.000000 1.000000 32278.dat
1 15 160.000000 -140.000000 30.000000 -1.000000 0.000000 0.000000 0.000000 1.000000 0.000000 -0.000000 0.000000 -1.000000 32449_double.dat
1 15 80.000000 -140.000000 160.000000 0.000000 0.000000 1.000000 0.000000 1.000000 0.000000 -1.000000 0.000000 0.000000 40490.dat
1 15 0.000000 -160.000000 80.000000 1.000000 0.000000 0.000000 0.000000 1.000000 0.000000 0.000000 0.000000 1.000000 40490.dat



1 14 80.000000 -60.000000 180.000000 -0.800000 0.000000 0.600000 0.600000 0.000000 0.800000 0.000000 1.000000 0.000000 32525.dat
1 14 -20.000000 -80.000000 160.000000 1.000000 0.000000 0.000000 0.000000 0.000000 -1.000000 0.000000 1.000000 0.000000 40490.dat
1 14 140.000000 -80.000000 140.000000 1.000000 0.000000 0.000000 0.000000 0.000000 -1.000000 0.000000 1.000000 0.000000 40490.dat
1 14 20.000000 -80.000000 120.000000 0.000000 -1.000000 0.000000 0.600000 0.000000 0.800000 -0.800000 0.000000 0.600000 32525.dat


0 after Adding joints-------------------------------
1 15 0.000000 0.000000 80.000000 1.000000 0.000000 0.000000 0.000000 1.000000 0.000000 0.000000 0.000000 1.000000 40490.dat
1 15 80.000000 20.000000 0.000000 0.000000 0.000000 1.000000 0.000000 1.000000 0.000000 -1.000000 0.000000 0.000000 40490.dat
1 15 80.000000 20.000000 160.000000 0.000000 0.000000 1.000000 0.000000 1.000000 0.000000 -1.000000 0.000000 0.000000 40490.dat
1 15 160.000000 0.000000 140.000000 1.000000 0.000000 0.000000 0.000000 1.000000 0.000000 0.000000 0.000000 1.000000 32278.dat
1 15 160.000000 20.000000 290.000000 1.000000 0.000000 0.000000 0.000000 1.000000 0.000000 0.000000 0.000000 1.000000 32449_double.dat




1 15 160.000000 -160.000000 180.000000 1.000000 0.000000 0.000000 0.000000 1.000000 0.000000 0.000000 0.000000 1.000000 32278.dat
1 15 160.000000 -140.000000 30.000000 -1.000000 0.000000 0.000000 0.000000 1.000000 0.000000 -0.000000 0.000000 -1.000000 32449_double.dat
1 15 80.000000 -140.000000 160.000000 0.000000 0.000000 1.000000 0.000000 1.000000 0.000000 -1.000000 0.000000 0.000000 40490.dat
1 15 0.000000 -160.000000 80.000000 1.000000 0.000000 0.000000 0.000000 1.000000 0.000000 0.000000 0.000000 1.000000 40490.dat



1 15 80.000000 -60.000000 180.000000 -0.800000 0.000000 0.600000 0.600000 0.000000 0.800000 0.000000 1.000000 0.000000 32525.dat
1 15 -20.000000 -80.000000 160.000000 1.000000 0.000000 0.000000 0.000000 0.000000 -1.000000 0.000000 1.000000 0.000000 40490.dat
1 15 140.000000 -80.000000 140.000000 1.000000 0.000000 0.000000 0.000000 0.000000 -1.000000 0.000000 1.000000 0.000000 40490.dat
1 15 20.000000 -80.000000 120.000000 0.000000 -1.000000 0.000000 0.600000 0.000000 0.800000 -0.800000 0.000000 0.600000 32525.dat


1 15 -0.000000 10.000000 0.000000 -0.000000 0.000000 1.000000 1.000000 0.000000 0.000000 0.000000 1.000000 -0.000000 2780.dat
1 15 -20.000000 -20.000000 140.000000 -0.000000 1.000000 0.000000 -0.000000 -0.000000 1.000000 1.000000 0.000000 0.000000 6536_2_add_2.dat
1 15 -0.000000 10.000000 160.000000 -0.000000 0.000000 1.000000 1.000000 0.000000 0.000000 0.000000 1.000000 -0.000000 2780.dat
1 15 160.000000 10.000000 0.000000 0.000000 1.000000 0.000000 -1.000000 0.000000 0.000000 0.000000 0.000000 1.000000 2780.dat
1 15 40.000000 0.000000 180.000000 1.000000 0.000000 0.000000 0.000000 0.000000 1.000000 0.000000 -1.000000 0.000000 6536_2_add.dat
1 15 140.000000 0.000000 160.000000 0.000000 -1.000000 0.000000 0.000000 0.000000 1.000000 -1.000000 -0.000000 0.000000 6536_2_add_2.dat
1 15 140.000000 0.000000 160.000000 0.000000 0.000000 -1.000000 1.000000 -0.000000 0.000000 0.000000 -1.000000 -0.000000 15100_1_add.dat
1 15 160.000000 10.000000 160.000000 0.000000 1.000000 0.000000 -1.000000 0.000000 0.000000 0.000000 0.000000 1.000000 2780.dat
1 15 140.000000 -20.000000 120.000000 -0.000000 1.000000 0.000000 -0.000000 -0.000000 1.000000 1.000000 0.000000 0.000000 6536_2_add_2.dat
1 15 140.000000 20.000000 200.000000 -0.000000 1.000000 0.000000 0.000000 0.000000 -1.000000 -1.000000 -0.000000 -0.000000 6536_2_add_2.dat
1 15 160.000000 10.000000 260.000000 -0.000000 0.000000 1.000000 1.000000 0.000000 0.000000 0.000000 1.000000 -0.000000 2780.dat
1 15 160.000000 10.000000 280.000000 -0.000000 0.000000 1.000000 1.000000 0.000000 0.000000 0.000000 1.000000 -0.000000 2780.dat
1 15 160.000000 -150.000000 40.000000 -0.000000 0.000000 1.000000 1.000000 0.000000 0.000000 0.000000 1.000000 -0.000000 2780.dat
1 15 160.000000 -150.000000 60.000000 -0.000000 0.000000 1.000000 1.000000 0.000000 0.000000 0.000000 1.000000 -0.000000 2780.dat
1 15 140.000000 -140.000000 120.000000 -0.000000 1.000000 0.000000 0.000000 0.000000 -1.000000 -1.000000 -0.000000 -0.000000 6536_2_add.dat
1 15 160.000000 -150.000000 160.000000 -0.000000 0.000000 1.000000 1.000000 0.000000 0.000000 0.000000 1.000000 -0.000000 2780.dat
1 15 0.000000 -150.000000 160.000000 0.000000 1.000000 0.000000 -1.000000 0.000000 0.000000 0.000000 0.000000 1.000000 2780.dat
1 15 20.000000 -140.000000 200.000000 0.000000 -0.000000 1.000000 -1.000000 -0.000000 0.000000 0.000000 -1.000000 -0.000000 32523_add_2.dat
1 15 140.000000 -120.000000 160.000000 0.000000 -1.000000 0.000000 -0.000000 -0.000000 -1.000000 1.000000 0.000000 -0.000000 6536_2_add.dat
1 15 140.000000 -160.000000 160.000000 0.000000 0.000000 -1.000000 1.000000 -0.000000 0.000000 0.000000 -1.000000 -0.000000 15100_1_add.dat
1 15 40.000000 -160.000000 60.000000 0.000000 -1.000000 -0.000000 -1.000000 -0.000000 -0.000000 0.000000 0.000000 -1.000000 32523_add_2.dat
1 15 -20.000000 -140.000000 140.000000 -0.000000 1.000000 0.000000 0.000000 0.000000 -1.000000 -1.000000 -0.000000 -0.000000 6536_2_add.dat