1 4 0 0 0 0 0 1 0 1 0 1 0 0  18654.dat
0 x轴，绿色
1 2 80 0 0 0 0 1 0 1 0 1 0 0  18654.dat
0 y轴，浅蓝色
1 3 0 80 0 0 0 1 0 1 0 1 0 0  18654.dat
0 z轴，粉红色
1 5 0 0 80 0 0 1 0 1 0 1 0 0  18654.dat


1 4 -0.841809 -80.000000 -0.033965 1 0 0 0 1 0 0 0 1 18654.dat
1 4 -0.458784 -80.000000 20.014901 1 0 0 0 1 0 0 0 1 18654.dat
1 4 -0.075760 -80.000000 40.063767 1 0 0 0 1 0 0 0 1 18654.dat
1 4 0.307265 -80.000000 60.112633 1 0 0 0 1 0 0 0 1 18654.dat
1 4 0.690289 -80.000000 80.161499 1 0 0 0 1 0 0 0 1 18654.dat
1 4 20.692658 -80.000000 80.173373 1 0 0 0 1 0 0 0 1 18654.dat
1 4 40.695027 -80.000000 80.185246 1 0 0 0 1 0 0 0 1 18654.dat
1 4 60.697395 -80.000000 80.197120 1 0 0 0 1 0 0 0 1 18654.dat
1 4 80.699764 -80.000000 80.208993 1 0 0 0 1 0 0 0 1 18654.dat
1 4 80.342105 -80.000000 60.261025 1 0 0 0 1 0 0 0 1 18654.dat
1 4 79.984445 -80.000000 40.313056 1 0 0 0 1 0 0 0 1 18654.dat
1 4 79.626786 -80.000000 20.365088 1 0 0 0 1 0 0 0 1 18654.dat
1 4 79.269127 -80.000000 0.417120 1 0 0 0 1 0 0 0 1 18654.dat
1 4 80.418792 -80.000000 160.138001 1 0 0 0 1 0 0 0 1 18654.dat
1 4 80.489035 -80.000000 140.155749 1 0 0 0 1 0 0 0 1 18654.dat
1 4 80.559278 -80.000000 120.173497 1 0 0 0 1 0 0 0 1 18654.dat
1 4 80.629521 -80.000000 100.191245 1 0 0 0 1 0 0 0 1 18654.dat
1 4 0.690289 -60.000000 80.161499 1 0 0 0 1 0 0 0 1 18654.dat
1 4 80.699764 -60.000000 80.208993 1 0 0 0 1 0 0 0 1 18654.dat
1 4 0.690289 -40.000000 80.161499 1 0 0 0 1 0 0 0 1 18654.dat
1 4 80.699764 -40.000000 80.208993 1 0 0 0 1 0 0 0 1 18654.dat
1 4 0.690289 -20.000000 80.161499 1 0 0 0 1 0 0 0 1 18654.dat
1 4 80.699764 -20.000000 80.208993 1 0 0 0 1 0 0 0 1 18654.dat
1 4 -0.841809 0.000000 -0.033965 1 0 0 0 1 0 0 0 1 18654.dat
1 4 -0.458784 0.000000 20.014901 1 0 0 0 1 0 0 0 1 18654.dat
1 4 -0.075760 0.000000 40.063767 1 0 0 0 1 0 0 0 1 18654.dat
1 4 0.307265 0.000000 60.112633 1 0 0 0 1 0 0 0 1 18654.dat
1 4 0.690289 0.000000 80.161499 1 0 0 0 1 0 0 0 1 18654.dat
1 4 20.692658 0.000000 80.173373 1 0 0 0 1 0 0 0 1 18654.dat
1 4 40.695027 0.000000 80.185246 1 0 0 0 1 0 0 0 1 18654.dat
1 4 60.697395 0.000000 80.197120 1 0 0 0 1 0 0 0 1 18654.dat
1 4 80.699764 0.000000 80.208993 1 0 0 0 1 0 0 0 1 18654.dat
1 4 80.342105 0.000000 60.261025 1 0 0 0 1 0 0 0 1 18654.dat
1 4 79.984445 0.000000 40.313056 1 0 0 0 1 0 0 0 1 18654.dat
1 4 79.626786 0.000000 20.365088 1 0 0 0 1 0 0 0 1 18654.dat
1 4 79.269127 0.000000 0.417120 1 0 0 0 1 0 0 0 1 18654.dat
1 4 80.418792 0.000000 160.138001 1 0 0 0 1 0 0 0 1 18654.dat
1 4 80.489035 0.000000 140.155749 1 0 0 0 1 0 0 0 1 18654.dat
1 4 80.559278 0.000000 120.173497 1 0 0 0 1 0 0 0 1 18654.dat
1 4 80.629521 0.000000 100.191245 1 0 0 0 1 0 0 0 1 18654.dat
1 4 19.185925 0.000000 0.078806 1 0 0 0 1 0 0 0 1 18654.dat
1 4 39.213659 0.000000 0.191578 1 0 0 0 1 0 0 0 1 18654.dat
1 4 59.241393 0.000000 0.304349 1 0 0 0 1 0 0 0 1 18654.dat

1 4 39.983056 20.000000 80.423881 1.000000 0.000000 0.000000 0.000000 1.000000 0.000000 0.000000 0.000000 1.000000 18654.dat
1 4 49.983056 40.000000 80.423881 0.000000 0.000000 1.000000 0.000000 1.000000 0.000000 -1.000000 0.000000 0.000000 43857.dat
1 4 29.983056 60.000000 80.423881 0.000000 0.000000 1.000000 0.000000 1.000000 0.000000 -1.000000 0.000000 0.000000 43857.dat
1 4 59.983056 80.000000 80.423881 0.000000 0.000000 1.000000 0.000000 1.000000 0.000000 -1.000000 0.000000 0.000000 32523.dat
1 4 39.983056 100.000000 80.423881 0.000000 0.000000 1.000000 0.000000 1.000000 0.000000 -1.000000 0.000000 0.000000 32523.dat
1 4 19.983056 120.000000 80.423881 0.000000 0.000000 1.000000 0.000000 1.000000 0.000000 -1.000000 0.000000 0.000000 32523.dat
1 4 49.983056 140.000000 80.423881 0.000000 0.000000 1.000000 0.000000 1.000000 0.000000 -1.000000 0.000000 0.000000 32449.dat
1 4 29.983056 160.000000 80.423881 0.000000 0.000000 1.000000 0.000000 1.000000 0.000000 -1.000000 0.000000 0.000000 32449.dat
1 4 39.983056 180.000000 80.423881 0.000000 0.000000 1.000000 0.000000 1.000000 0.000000 -1.000000 0.000000 0.000000 32316.dat
1 4 19.983056 200.000000 80.423881 0.000000 0.000000 1.000000 0.000000 1.000000 0.000000 -1.000000 0.000000 0.000000 32140.dat
1 4 59.983056 220.000000 80.423881 -0.000000 -0.000000 -1.000000 0.000000 -1.000000 0.000000 -1.000000 0.000000 0.000000 32140.dat
1 4 19.983056 240.000000 80.423881 0.000000 -0.000000 1.000000 -0.000000 -1.000000 -0.000000 1.000000 0.000000 -0.000000 32140.dat
1 4 -0.016944 260.000000 80.423881 0.000000 0.000000 1.000000 0.000000 1.000000 0.000000 -1.000000 0.000000 0.000000 32056.dat
1 4 79.983056 280.000000 80.423881 -1.000000 0.000000 0.000000 0.000000 1.000000 0.000000 -0.000000 0.000000 -1.000000 32056.dat
1 4 79.983056 300.000000 80.423881 -0.000000 0.000000 -1.000000 0.000000 1.000000 0.000000 1.000000 0.000000 -0.000000 32056.dat