1 4 0 0 0 0 0 1 0 1 0 1 0 0  18654.dat
0 x轴，绿色
1 2 80 0 0 0 0 1 0 1 0 1 0 0  18654.dat
0 y轴，浅蓝色
1 3 0 80 0 0 0 1 0 1 0 1 0 0  18654.dat
0 z轴，粉红色
1 5 0 0 80 0 0 1 0 1 0 1 0 0  18654.dat

1 4 0.614523 -80.000000 0.882448 1 0 0 0 1 0 0 0 1 18654.dat
1 4 0.586379 -80.000000 20.865918 1 0 0 0 1 0 0 0 1 18654.dat
1 4 0.558235 -80.000000 40.849387 1 0 0 0 1 0 0 0 1 18654.dat
1 4 0.530090 -80.000000 60.832857 1 0 0 0 1 0 0 0 1 18654.dat
1 4 0.501946 -80.000000 80.816326 1 0 0 0 1 0 0 0 1 18654.dat
1 4 20.478404 -80.000000 80.619782 1 0 0 0 1 0 0 0 1 18654.dat
1 4 40.454862 -80.000000 80.423239 1 0 0 0 1 0 0 0 1 18654.dat
1 4 60.431319 -80.000000 80.226695 1 0 0 0 1 0 0 0 1 18654.dat
1 4 80.407777 -80.000000 80.030151 1 0 0 0 1 0 0 0 1 18654.dat
1 4 80.461584 -80.000000 60.044487 1 0 0 0 1 0 0 0 1 18654.dat
1 4 80.515391 -80.000000 40.058823 1 0 0 0 1 0 0 0 1 18654.dat
1 4 80.569199 -80.000000 20.073159 1 0 0 0 1 0 0 0 1 18654.dat
1 4 80.623006 -80.000000 0.087495 1 0 0 0 1 0 0 0 1 18654.dat
1 4 79.675043 -80.000000 160.086120 1 0 0 0 1 0 0 0 1 18654.dat
1 4 79.858227 -80.000000 140.072128 1 0 0 0 1 0 0 0 1 18654.dat
1 4 80.041410 -80.000000 120.058136 1 0 0 0 1 0 0 0 1 18654.dat
1 4 80.224594 -80.000000 100.044143 1 0 0 0 1 0 0 0 1 18654.dat
1 4 0.501946 -60.000000 80.816326 1 0 0 0 1 0 0 0 1 18654.dat
1 4 80.407777 -60.000000 80.030151 1 0 0 0 1 0 0 0 1 18654.dat
1 4 0.501946 -40.000000 80.816326 1 0 0 0 1 0 0 0 1 18654.dat
1 4 80.407777 -40.000000 80.030151 1 0 0 0 1 0 0 0 1 18654.dat
1 4 0.501946 -20.000000 80.816326 1 0 0 0 1 0 0 0 1 18654.dat
1 4 80.407777 -20.000000 80.030151 1 0 0 0 1 0 0 0 1 18654.dat
1 4 0.614523 0.000000 0.882448 1 0 0 0 1 0 0 0 1 18654.dat
1 4 0.586379 0.000000 20.865918 1 0 0 0 1 0 0 0 1 18654.dat
1 4 0.558235 0.000000 40.849387 1 0 0 0 1 0 0 0 1 18654.dat
1 4 0.530090 0.000000 60.832857 1 0 0 0 1 0 0 0 1 18654.dat
1 4 0.501946 0.000000 80.816326 1 0 0 0 1 0 0 0 1 18654.dat
1 4 20.478404 0.000000 80.619782 1 0 0 0 1 0 0 0 1 18654.dat
1 4 40.454862 0.000000 80.423239 1 0 0 0 1 0 0 0 1 18654.dat
1 4 60.431319 0.000000 80.226695 1 0 0 0 1 0 0 0 1 18654.dat
1 4 80.407777 0.000000 80.030151 1 0 0 0 1 0 0 0 1 18654.dat
1 4 80.461584 0.000000 60.044487 1 0 0 0 1 0 0 0 1 18654.dat
1 4 80.515391 0.000000 40.058823 1 0 0 0 1 0 0 0 1 18654.dat
1 4 80.569199 0.000000 20.073159 1 0 0 0 1 0 0 0 1 18654.dat
1 4 80.623006 0.000000 0.087495 1 0 0 0 1 0 0 0 1 18654.dat
1 4 79.675043 0.000000 160.086120 1 0 0 0 1 0 0 0 1 18654.dat
1 4 79.858227 0.000000 140.072128 1 0 0 0 1 0 0 0 1 18654.dat
1 4 80.041410 0.000000 120.058136 1 0 0 0 1 0 0 0 1 18654.dat
1 4 80.224594 0.000000 100.044143 1 0 0 0 1 0 0 0 1 18654.dat
1 4 20.616643 0.000000 0.683710 1 0 0 0 1 0 0 0 1 18654.dat
1 4 40.618764 0.000000 0.484972 1 0 0 0 1 0 0 0 1 18654.dat
1 4 60.620885 0.000000 0.286234 1 0 0 0 1 0 0 0 1 18654.dat



1 4 79.026826 20.000000 82.956548 1.000000 0.000000 0.000000 0.000000 1.000000 0.000000 0.000000 0.000000 1.000000 18654.dat
1 4 79.026826 40.000000 92.956548 1.000000 0.000000 0.000000 0.000000 1.000000 0.000000 0.000000 0.000000 1.000000 43857.dat
1 4 79.026826 60.000000 72.956548 1.000000 0.000000 0.000000 0.000000 1.000000 0.000000 0.000000 0.000000 1.000000 43857.dat
1 4 69.026826 80.000000 82.956548 0.000000 0.000000 1.000000 0.000000 1.000000 0.000000 -1.000000 0.000000 0.000000 43857.dat
1 4 79.026826 100.000000 102.956548 1.000000 0.000000 0.000000 0.000000 1.000000 0.000000 0.000000 0.000000 1.000000 32523.dat
1 4 79.026826 120.000000 82.956548 1.000000 0.000000 0.000000 0.000000 1.000000 0.000000 0.000000 0.000000 1.000000 32523.dat
1 4 79.026826 140.000000 62.956548 1.000000 0.000000 0.000000 0.000000 1.000000 0.000000 0.000000 0.000000 1.000000 32523.dat
1 4 59.026826 160.000000 82.956548 0.000000 0.000000 1.000000 0.000000 1.000000 0.000000 -1.000000 0.000000 0.000000 32523.dat
1 4 79.026826 180.000000 112.956548 1.000000 0.000000 0.000000 0.000000 1.000000 0.000000 0.000000 0.000000 1.000000 32449.dat
1 4 79.026826 200.000000 92.956548 1.000000 0.000000 0.000000 0.000000 1.000000 0.000000 0.000000 0.000000 1.000000 32449.dat
1 4 79.026826 220.000000 72.956548 1.000000 0.000000 0.000000 0.000000 1.000000 0.000000 0.000000 0.000000 1.000000 32449.dat
1 4 79.026826 240.000000 52.956548 1.000000 0.000000 0.000000 0.000000 1.000000 0.000000 0.000000 0.000000 1.000000 32449.dat
1 4 49.026826 260.000000 82.956548 0.000000 0.000000 1.000000 0.000000 1.000000 0.000000 -1.000000 0.000000 0.000000 32449.dat
1 4 79.026826 280.000000 122.956548 1.000000 0.000000 0.000000 0.000000 1.000000 0.000000 0.000000 0.000000 1.000000 32316.dat
1 4 79.026826 300.000000 102.956548 1.000000 0.000000 0.000000 0.000000 1.000000 0.000000 0.000000 0.000000 1.000000 32316.dat
1 4 79.026826 320.000000 82.956548 1.000000 0.000000 0.000000 0.000000 1.000000 0.000000 0.000000 0.000000 1.000000 32316.dat
1 4 79.026826 340.000000 62.956548 1.000000 0.000000 0.000000 0.000000 1.000000 0.000000 0.000000 0.000000 1.000000 32316.dat
1 4 79.026826 360.000000 42.956548 1.000000 0.000000 0.000000 0.000000 1.000000 0.000000 0.000000 0.000000 1.000000 32316.dat
1 4 39.026826 380.000000 82.956548 0.000000 0.000000 1.000000 0.000000 1.000000 0.000000 -1.000000 0.000000 0.000000 32316.dat
1 4 79.026826 400.000000 112.956548 1.000000 0.000000 0.000000 0.000000 1.000000 0.000000 0.000000 0.000000 1.000000 32063.dat
1 4 79.026826 420.000000 92.956548 1.000000 0.000000 0.000000 0.000000 1.000000 0.000000 0.000000 0.000000 1.000000 32063.dat
1 4 79.026826 440.000000 72.956548 1.000000 0.000000 0.000000 0.000000 1.000000 0.000000 0.000000 0.000000 1.000000 32063.dat
1 4 79.026826 460.000000 52.956548 1.000000 0.000000 0.000000 0.000000 1.000000 0.000000 0.000000 0.000000 1.000000 32063.dat
1 4 79.026826 480.000000 102.956548 1.000000 0.000000 0.000000 0.000000 1.000000 0.000000 0.000000 0.000000 1.000000 32524.dat
1 4 79.026826 500.000000 82.956548 1.000000 0.000000 0.000000 0.000000 1.000000 0.000000 0.000000 0.000000 1.000000 32524.dat
1 4 79.026826 520.000000 62.956548 1.000000 0.000000 0.000000 0.000000 1.000000 0.000000 0.000000 0.000000 1.000000 32524.dat
1 4 79.026826 540.000000 82.956548 1.000000 0.000000 0.000000 0.000000 1.000000 0.000000 0.000000 0.000000 1.000000 40490.dat
1 4 79.026826 560.000000 162.956548 1.000000 0.000000 0.000000 0.000000 1.000000 0.000000 0.000000 0.000000 1.000000 41239.dat
1 4 79.026826 580.000000 142.956548 1.000000 0.000000 0.000000 0.000000 1.000000 0.000000 0.000000 0.000000 1.000000 41239.dat
1 4 79.026826 600.000000 122.956548 1.000000 0.000000 0.000000 0.000000 1.000000 0.000000 0.000000 0.000000 1.000000 41239.dat
1 4 19.026826 620.000000 82.956548 0.000000 0.000000 1.000000 0.000000 1.000000 0.000000 -1.000000 0.000000 0.000000 32140.dat
1 4 79.026826 640.000000 142.956548 -1.000000 0.000000 0.000000 0.000000 1.000000 0.000000 -0.000000 0.000000 -1.000000 32140.dat
1 4 79.026826 660.000000 22.956548 -1.000000 -0.000000 0.000000 0.000000 -1.000000 0.000000 0.000000 0.000000 1.000000 32140.dat
1 4 19.026826 680.000000 82.956548 0.000000 -0.000000 1.000000 -0.000000 -1.000000 -0.000000 1.000000 0.000000 -0.000000 32140.dat
1 4 79.026826 700.000000 82.956548 -1.000000 0.000000 0.000000 0.000000 1.000000 0.000000 -0.000000 0.000000 -1.000000 32056.dat
1 4 79.026826 720.000000 82.956548 -0.000000 0.000000 -1.000000 0.000000 1.000000 0.000000 1.000000 0.000000 -0.000000 32056.dat
1 4 79.026826 740.000000 102.956548 -1.000000 0.000000 0.000000 0.000000 1.000000 0.000000 -0.000000 0.000000 -1.000000 32526.dat