Line0 (0.000000,0.000000,0.000000)(0.000000,0.000000,8.000000) : XZ_Plane  shift:8 length:8.000000
Line1 (0.000000,0.000000,8.000000)(6.000000,0.000000,8.000000) : XZ_Plane  shift:8 length:6.000000
Line2 (6.000000,0.000000,8.000000)(8.000000,0.000000,8.000000) : XZ_Plane  shift:8 length:2.000000
Line3 (0.000000,-8.000000,8.000000)(6.000000,0.000000,8.000000) : XY_Plane  shift:0 length:10.000000
Line4 (8.000000,0.000000,8.000000)(8.000000,-8.000000,8.000000) : XY_Plane  shift:0 length:8.000000
Line5 (8.000000,-8.000000,8.000000)(0.000000,-8.000000,8.000000) : XZ_Plane  shift:0 length:8.000000
Line6 (0.000000,0.000000,8.000000)(0.000000,-8.000000,8.000000) : XY_Plane  shift:0 length:8.000000
Line7 (8.000000,-8.000000,8.000000)(8.000000,-8.000000,0.000000) : XZ_Plane  shift:0 length:8.000000
Line8 (8.000000,0.000000,8.000000)(8.000000,0.000000,0.000000) : XZ_Plane  shift:8 length:8.000000
Line9 (8.000000,0.000000,16.000000)(8.000000,0.000000,8.000000) : XZ_Plane  shift:8 length:8.000000
Line10 (8.000000,-8.000000,16.000000)(8.000000,-8.000000,8.000000) : XZ_Plane  shift:0 length:8.000000
Line11 (0.000000,0.000000,0.000000)(8.000000,0.000000,0.000000) : XZ_Plane  shift:8 length:8.000000
Line12 (0.000000,-8.000000,8.000000)(0.000000,-8.000000,2.000000) : XZ_Plane  shift:0 length:6.000000
Line13 (0.000000,-8.000000,2.000000)(0.000000,-8.000000,0.000000) : XZ_Plane  shift:0 length:2.000000
Line14 (0.000000,0.000000,8.000000)(0.000000,-8.000000,2.000000) : YZ_Plane  shift:0 length:10.000000
generate_integer_sketch_for_3orientation() Finished...................................
extractLayerFromSketch() Start.......................................
extractLayerFromSketch() Finished.....................................
holetoLdraw() Start.......................................
1 4 160.000000 -160.000000 160.000000 1 0 0 0 1 0 0 0 1 18654.dat
1 4 140.000000 -160.000000 160.000000 1 0 0 0 1 0 0 0 1 18654.dat
1 4 120.000000 -160.000000 160.000000 1 0 0 0 1 0 0 0 1 18654.dat
1 4 100.000000 -160.000000 160.000000 1 0 0 0 1 0 0 0 1 18654.dat
1 4 80.000000 -160.000000 160.000000 1 0 0 0 1 0 0 0 1 18654.dat
1 4 60.000000 -160.000000 160.000000 1 0 0 0 1 0 0 0 1 18654.dat
1 4 40.000000 -160.000000 160.000000 1 0 0 0 1 0 0 0 1 18654.dat
1 4 20.000000 -160.000000 160.000000 1 0 0 0 1 0 0 0 1 18654.dat
1 4 0.000000 -160.000000 160.000000 1 0 0 0 1 0 0 0 1 18654.dat
1 4 160.000000 -160.000000 160.000000 1 0 0 0 1 0 0 0 1 18654.dat
1 4 160.000000 -160.000000 140.000000 1 0 0 0 1 0 0 0 1 18654.dat
1 4 160.000000 -160.000000 120.000000 1 0 0 0 1 0 0 0 1 18654.dat
1 4 160.000000 -160.000000 100.000000 1 0 0 0 1 0 0 0 1 18654.dat
1 4 160.000000 -160.000000 80.000000 1 0 0 0 1 0 0 0 1 18654.dat
1 4 160.000000 -160.000000 60.000000 1 0 0 0 1 0 0 0 1 18654.dat
1 4 160.000000 -160.000000 40.000000 1 0 0 0 1 0 0 0 1 18654.dat
1 4 160.000000 -160.000000 20.000000 1 0 0 0 1 0 0 0 1 18654.dat
1 4 160.000000 -160.000000 0.000000 1 0 0 0 1 0 0 0 1 18654.dat
1 4 160.000000 -160.000000 320.000000 1 0 0 0 1 0 0 0 1 18654.dat
1 4 160.000000 -160.000000 300.000000 1 0 0 0 1 0 0 0 1 18654.dat
1 4 160.000000 -160.000000 280.000000 1 0 0 0 1 0 0 0 1 18654.dat
1 4 160.000000 -160.000000 260.000000 1 0 0 0 1 0 0 0 1 18654.dat
1 4 160.000000 -160.000000 240.000000 1 0 0 0 1 0 0 0 1 18654.dat
1 4 160.000000 -160.000000 220.000000 1 0 0 0 1 0 0 0 1 18654.dat
1 4 160.000000 -160.000000 200.000000 1 0 0 0 1 0 0 0 1 18654.dat
1 4 160.000000 -160.000000 180.000000 1 0 0 0 1 0 0 0 1 18654.dat
1 4 160.000000 -160.000000 160.000000 1 0 0 0 1 0 0 0 1 18654.dat
1 4 0.000000 -160.000000 160.000000 1 0 0 0 1 0 0 0 1 18654.dat
1 4 0.000000 -160.000000 140.000000 1 0 0 0 1 0 0 0 1 18654.dat
1 4 0.000000 -160.000000 120.000000 1 0 0 0 1 0 0 0 1 18654.dat
1 4 0.000000 -160.000000 100.000000 1 0 0 0 1 0 0 0 1 18654.dat
1 4 0.000000 -160.000000 80.000000 1 0 0 0 1 0 0 0 1 18654.dat
1 4 0.000000 -160.000000 60.000000 1 0 0 0 1 0 0 0 1 18654.dat
1 4 0.000000 -160.000000 40.000000 1 0 0 0 1 0 0 0 1 18654.dat
1 4 0.000000 -160.000000 40.000000 1 0 0 0 1 0 0 0 1 18654.dat
1 4 0.000000 -160.000000 20.000000 1 0 0 0 1 0 0 0 1 18654.dat
1 4 0.000000 -160.000000 0.000000 1 0 0 0 1 0 0 0 1 18654.dat
1 4 0.000000 0.000000 160.000000 0 1 0 1 0 0 0 0 1 18654.dat
1 4 0.000000 -16.000000 148.000000 0 1 0 1 0 0 0 0 1 18654.dat
1 4 0.000000 -32.000000 136.000000 0 1 0 1 0 0 0 0 1 18654.dat
1 4 0.000000 -48.000000 124.000000 0 1 0 1 0 0 0 0 1 18654.dat
1 4 0.000000 -64.000000 112.000000 0 1 0 1 0 0 0 0 1 18654.dat
1 4 0.000000 -80.000000 100.000000 0 1 0 1 0 0 0 0 1 18654.dat
1 4 0.000000 -96.000000 88.000000 0 1 0 1 0 0 0 0 1 18654.dat
1 4 0.000000 -112.000000 76.000000 0 1 0 1 0 0 0 0 1 18654.dat
1 4 0.000000 -128.000000 64.000000 0 1 0 1 0 0 0 0 1 18654.dat
1 4 0.000000 -144.000000 52.000000 0 1 0 1 0 0 0 0 1 18654.dat
1 4 0.000000 -160.000000 40.000000 0 1 0 1 0 0 0 0 1 18654.dat
1 4 0.000000 -160.000000 160.000000 0 0 1 1 0 0 0 1 0 18654.dat
1 4 12.000000 -144.000000 160.000000 0 0 1 1 0 0 0 1 0 18654.dat
1 4 24.000000 -128.000000 160.000000 0 0 1 1 0 0 0 1 0 18654.dat
1 4 36.000000 -112.000000 160.000000 0 0 1 1 0 0 0 1 0 18654.dat
1 4 48.000000 -96.000000 160.000000 0 0 1 1 0 0 0 1 0 18654.dat
1 4 60.000000 -80.000000 160.000000 0 0 1 1 0 0 0 1 0 18654.dat
1 4 72.000000 -64.000000 160.000000 0 0 1 1 0 0 0 1 0 18654.dat
1 4 84.000000 -48.000000 160.000000 0 0 1 1 0 0 0 1 0 18654.dat
1 4 96.000000 -32.000000 160.000000 0 0 1 1 0 0 0 1 0 18654.dat
1 4 108.000000 -16.000000 160.000000 0 0 1 1 0 0 0 1 0 18654.dat
1 4 120.000000 -0.000000 160.000000 0 0 1 1 0 0 0 1 0 18654.dat
1 4 160.000000 0.000000 160.000000 0 0 1 1 0 0 0 1 0 18654.dat
1 4 160.000000 -20.000000 160.000000 0 0 1 1 0 0 0 1 0 18654.dat
1 4 160.000000 -40.000000 160.000000 0 0 1 1 0 0 0 1 0 18654.dat
1 4 160.000000 -60.000000 160.000000 0 0 1 1 0 0 0 1 0 18654.dat
1 4 160.000000 -80.000000 160.000000 0 0 1 1 0 0 0 1 0 18654.dat
1 4 160.000000 -100.000000 160.000000 0 0 1 1 0 0 0 1 0 18654.dat
1 4 160.000000 -120.000000 160.000000 0 0 1 1 0 0 0 1 0 18654.dat
1 4 160.000000 -140.000000 160.000000 0 0 1 1 0 0 0 1 0 18654.dat
1 4 160.000000 -160.000000 160.000000 0 0 1 1 0 0 0 1 0 18654.dat
1 4 0.000000 0.000000 160.000000 0 0 1 1 0 0 0 1 0 18654.dat
1 4 0.000000 -20.000000 160.000000 0 0 1 1 0 0 0 1 0 18654.dat
1 4 0.000000 -40.000000 160.000000 0 0 1 1 0 0 0 1 0 18654.dat
1 4 0.000000 -60.000000 160.000000 0 0 1 1 0 0 0 1 0 18654.dat
1 4 0.000000 -80.000000 160.000000 0 0 1 1 0 0 0 1 0 18654.dat
1 4 0.000000 -100.000000 160.000000 0 0 1 1 0 0 0 1 0 18654.dat
1 4 0.000000 -120.000000 160.000000 0 0 1 1 0 0 0 1 0 18654.dat
1 4 0.000000 -140.000000 160.000000 0 0 1 1 0 0 0 1 0 18654.dat
1 4 0.000000 -160.000000 160.000000 0 0 1 1 0 0 0 1 0 18654.dat
1 4 0.000000 0.000000 0.000000 1 0 0 0 1 0 0 0 1 18654.dat
1 4 0.000000 0.000000 20.000000 1 0 0 0 1 0 0 0 1 18654.dat
1 4 0.000000 0.000000 40.000000 1 0 0 0 1 0 0 0 1 18654.dat
1 4 0.000000 0.000000 60.000000 1 0 0 0 1 0 0 0 1 18654.dat
1 4 0.000000 0.000000 80.000000 1 0 0 0 1 0 0 0 1 18654.dat
1 4 0.000000 0.000000 100.000000 1 0 0 0 1 0 0 0 1 18654.dat
1 4 0.000000 0.000000 120.000000 1 0 0 0 1 0 0 0 1 18654.dat
1 4 0.000000 0.000000 140.000000 1 0 0 0 1 0 0 0 1 18654.dat
1 4 0.000000 0.000000 160.000000 1 0 0 0 1 0 0 0 1 18654.dat
1 4 0.000000 0.000000 160.000000 1 0 0 0 1 0 0 0 1 18654.dat
1 4 20.000000 0.000000 160.000000 1 0 0 0 1 0 0 0 1 18654.dat
1 4 40.000000 0.000000 160.000000 1 0 0 0 1 0 0 0 1 18654.dat
1 4 60.000000 0.000000 160.000000 1 0 0 0 1 0 0 0 1 18654.dat
1 4 80.000000 0.000000 160.000000 1 0 0 0 1 0 0 0 1 18654.dat
1 4 100.000000 0.000000 160.000000 1 0 0 0 1 0 0 0 1 18654.dat
1 4 120.000000 0.000000 160.000000 1 0 0 0 1 0 0 0 1 18654.dat
1 4 120.000000 0.000000 160.000000 1 0 0 0 1 0 0 0 1 18654.dat
1 4 140.000000 0.000000 160.000000 1 0 0 0 1 0 0 0 1 18654.dat
1 4 160.000000 0.000000 160.000000 1 0 0 0 1 0 0 0 1 18654.dat
1 4 160.000000 0.000000 160.000000 1 0 0 0 1 0 0 0 1 18654.dat
1 4 160.000000 0.000000 140.000000 1 0 0 0 1 0 0 0 1 18654.dat
1 4 160.000000 0.000000 120.000000 1 0 0 0 1 0 0 0 1 18654.dat
1 4 160.000000 0.000000 100.000000 1 0 0 0 1 0 0 0 1 18654.dat
1 4 160.000000 0.000000 80.000000 1 0 0 0 1 0 0 0 1 18654.dat
1 4 160.000000 0.000000 60.000000 1 0 0 0 1 0 0 0 1 18654.dat
1 4 160.000000 0.000000 40.000000 1 0 0 0 1 0 0 0 1 18654.dat
1 4 160.000000 0.000000 20.000000 1 0 0 0 1 0 0 0 1 18654.dat
1 4 160.000000 0.000000 0.000000 1 0 0 0 1 0 0 0 1 18654.dat
1 4 160.000000 0.000000 320.000000 1 0 0 0 1 0 0 0 1 18654.dat
1 4 160.000000 0.000000 300.000000 1 0 0 0 1 0 0 0 1 18654.dat
1 4 160.000000 0.000000 280.000000 1 0 0 0 1 0 0 0 1 18654.dat
1 4 160.000000 0.000000 260.000000 1 0 0 0 1 0 0 0 1 18654.dat
1 4 160.000000 0.000000 240.000000 1 0 0 0 1 0 0 0 1 18654.dat
1 4 160.000000 0.000000 220.000000 1 0 0 0 1 0 0 0 1 18654.dat
1 4 160.000000 0.000000 200.000000 1 0 0 0 1 0 0 0 1 18654.dat
1 4 160.000000 0.000000 180.000000 1 0 0 0 1 0 0 0 1 18654.dat
1 4 160.000000 0.000000 160.000000 1 0 0 0 1 0 0 0 1 18654.dat
1 4 0.000000 0.000000 0.000000 1 0 0 0 1 0 0 0 1 18654.dat
1 4 20.000000 0.000000 0.000000 1 0 0 0 1 0 0 0 1 18654.dat
1 4 40.000000 0.000000 0.000000 1 0 0 0 1 0 0 0 1 18654.dat
1 4 60.000000 0.000000 0.000000 1 0 0 0 1 0 0 0 1 18654.dat
1 4 80.000000 0.000000 0.000000 1 0 0 0 1 0 0 0 1 18654.dat
1 4 100.000000 0.000000 0.000000 1 0 0 0 1 0 0 0 1 18654.dat
1 4 120.000000 0.000000 0.000000 1 0 0 0 1 0 0 0 1 18654.dat
1 4 140.000000 0.000000 0.000000 1 0 0 0 1 0 0 0 1 18654.dat
1 4 160.000000 0.000000 0.000000 1 0 0 0 1 0 0 0 1 18654.dat

1 15 60.000000 -80.000000 160.000000 -0.800000 0.000000 0.600000 0.600000 0.000000 0.800000 -0.000000 1.000000 -0.000000 32525.dat
1 15 0.000000 -80.000000 180.000000 1.000000 0.000000 0.000000 0.000000 0.000000 -1.000000 0.000000 1.000000 0.000000 40490.dat
1 15 160.000000 -80.000000 160.000000 1.000000 0.000000 0.000000 0.000000 0.000000 -1.000000 0.000000 1.000000 0.000000 40490.dat

1 15 0.000000 0.000000 80.000000 1.000000 0.000000 0.000000 0.000000 1.000000 0.000000 0.000000 0.000000 1.000000 40490.dat
1 15 80.000000 20.000000 0.000000 0.000000 0.000000 1.000000 0.000000 1.000000 0.000000 -1.000000 0.000000 0.000000 40490.dat
1 15 80.000000 20.000000 160.000000 0.000000 0.000000 1.000000 0.000000 1.000000 0.000000 -1.000000 0.000000 0.000000 40490.dat
1 15 160.000000 0.000000 140.000000 1.000000 0.000000 0.000000 0.000000 1.000000 0.000000 0.000000 0.000000 1.000000 32278.dat
1 15 160.000000 20.000000 290.000000 1.000000 0.000000 0.000000 0.000000 1.000000 0.000000 0.000000 0.000000 1.000000 32449_double.dat



1 15 -0.000000 -80.000000 100.000000 0.000000 -1.000000 0.000000 0.600000 0.000000 0.800000 -0.800000 0.000000 0.600000 32525.dat


1 15 160.000000 -160.000000 180.000000 1.000000 0.000000 0.000000 0.000000 1.000000 0.000000 0.000000 0.000000 1.000000 32278.dat
1 15 160.000000 -140.000000 30.000000 -1.000000 0.000000 0.000000 0.000000 1.000000 0.000000 -0.000000 0.000000 -1.000000 32449_double.dat
1 15 80.000000 -140.000000 160.000000 0.000000 0.000000 1.000000 0.000000 1.000000 0.000000 -1.000000 0.000000 0.000000 40490.dat
1 15 0.000000 -160.000000 80.000000 1.000000 0.000000 0.000000 0.000000 1.000000 0.000000 0.000000 0.000000 1.000000 40490.dat



0 after Reconfiguration-------------------------------

1 15 60.000000 -80.000000 160.000000 -0.800000 0.000000 0.600000 0.600000 0.000000 0.800000 -0.000000 1.000000 -0.000000 32525.dat
1 15 0.000000 -80.000000 180.000000 1.000000 0.000000 0.000000 0.000000 0.000000 -1.000000 0.000000 1.000000 0.000000 40490.dat
1 15 160.000000 -80.000000 160.000000 1.000000 0.000000 0.000000 0.000000 0.000000 -1.000000 0.000000 1.000000 0.000000 40490.dat

1 15 0.000000 0.000000 80.000000 1.000000 0.000000 0.000000 0.000000 1.000000 0.000000 0.000000 0.000000 1.000000 40490.dat
1 15 80.000000 20.000000 0.000000 0.000000 0.000000 1.000000 0.000000 1.000000 0.000000 -1.000000 0.000000 0.000000 40490.dat
1 15 80.000000 20.000000 160.000000 0.000000 0.000000 1.000000 0.000000 1.000000 0.000000 -1.000000 0.000000 0.000000 40490.dat
1 15 160.000000 0.000000 140.000000 1.000000 0.000000 0.000000 0.000000 1.000000 0.000000 0.000000 0.000000 1.000000 32278.dat
1 15 160.000000 20.000000 290.000000 1.000000 0.000000 0.000000 0.000000 1.000000 0.000000 0.000000 0.000000 1.000000 32449_double.dat



1 15 -0.000000 -80.000000 100.000000 0.000000 -1.000000 0.000000 0.600000 0.000000 0.800000 -0.800000 0.000000 0.600000 32525.dat


1 15 160.000000 -160.000000 180.000000 1.000000 0.000000 0.000000 0.000000 1.000000 0.000000 0.000000 0.000000 1.000000 32278.dat
1 15 160.000000 -140.000000 30.000000 -1.000000 0.000000 0.000000 0.000000 1.000000 0.000000 -0.000000 0.000000 -1.000000 32449_double.dat
1 15 80.000000 -140.000000 160.000000 0.000000 0.000000 1.000000 0.000000 1.000000 0.000000 -1.000000 0.000000 0.000000 40490.dat
1 15 0.000000 -160.000000 80.000000 1.000000 0.000000 0.000000 0.000000 1.000000 0.000000 0.000000 0.000000 1.000000 40490.dat



1 14 80.000000 -60.000000 180.000000 -0.800000 0.000000 0.600000 0.600000 0.000000 0.800000 0.000000 1.000000 0.000000 32525.dat
1 14 -20.000000 -80.000000 160.000000 1.000000 0.000000 0.000000 0.000000 0.000000 -1.000000 0.000000 1.000000 0.000000 40490.dat
1 14 140.000000 -80.000000 140.000000 1.000000 0.000000 0.000000 0.000000 0.000000 -1.000000 0.000000 1.000000 0.000000 40490.dat
1 14 20.000000 -80.000000 120.000000 0.000000 -1.000000 0.000000 0.600000 0.000000 0.800000 -0.800000 0.000000 0.600000 32525.dat


0 after Adding joints-------------------------------
1 15 0.000000 0.000000 80.000000 1.000000 0.000000 0.000000 0.000000 1.000000 0.000000 0.000000 0.000000 1.000000 40490.dat
1 15 80.000000 20.000000 0.000000 0.000000 0.000000 1.000000 0.000000 1.000000 0.000000 -1.000000 0.000000 0.000000 40490.dat
1 15 80.000000 20.000000 160.000000 0.000000 0.000000 1.000000 0.000000 1.000000 0.000000 -1.000000 0.000000 0.000000 40490.dat
1 15 160.000000 0.000000 140.000000 1.000000 0.000000 0.000000 0.000000 1.000000 0.000000 0.000000 0.000000 1.000000 32278.dat
1 15 160.000000 20.000000 290.000000 1.000000 0.000000 0.000000 0.000000 1.000000 0.000000 0.000000 0.000000 1.000000 32449_double.dat




1 15 160.000000 -160.000000 180.000000 1.000000 0.000000 0.000000 0.000000 1.000000 0.000000 0.000000 0.000000 1.000000 32278.dat
1 15 160.000000 -140.000000 30.000000 -1.000000 0.000000 0.000000 0.000000 1.000000 0.000000 -0.000000 0.000000 -1.000000 32449_double.dat
1 15 80.000000 -140.000000 160.000000 0.000000 0.000000 1.000000 0.000000 1.000000 0.000000 -1.000000 0.000000 0.000000 40490.dat
1 15 0.000000 -160.000000 80.000000 1.000000 0.000000 0.000000 0.000000 1.000000 0.000000 0.000000 0.000000 1.000000 40490.dat



1 15 80.000000 -60.000000 180.000000 -0.800000 0.000000 0.600000 0.600000 0.000000 0.800000 0.000000 1.000000 0.000000 32525.dat
1 15 -20.000000 -80.000000 160.000000 1.000000 0.000000 0.000000 0.000000 0.000000 -1.000000 0.000000 1.000000 0.000000 40490.dat
1 15 140.000000 -80.000000 140.000000 1.000000 0.000000 0.000000 0.000000 0.000000 -1.000000 0.000000 1.000000 0.000000 40490.dat
1 15 20.000000 -80.000000 120.000000 0.000000 -1.000000 0.000000 0.600000 0.000000 0.800000 -0.800000 0.000000 0.600000 32525.dat


1 15 -0.000000 10.000000 0.000000 -0.000000 0.000000 1.000000 1.000000 0.000000 0.000000 0.000000 1.000000 -0.000000 2780.dat
1 15 -20.000000 -20.000000 140.000000 -0.000000 1.000000 0.000000 -0.000000 -0.000000 1.000000 1.000000 0.000000 0.000000 6536_2_add_2.dat
1 15 -0.000000 10.000000 160.000000 -0.000000 0.000000 1.000000 1.000000 0.000000 0.000000 0.000000 1.000000 -0.000000 2780.dat
1 15 160.000000 10.000000 0.000000 0.000000 1.000000 0.000000 -1.000000 0.000000 0.000000 0.000000 0.000000 1.000000 2780.dat
1 15 40.000000 0.000000 180.000000 1.000000 0.000000 0.000000 0.000000 0.000000 1.000000 0.000000 -1.000000 0.000000 6536_2_add.dat
1 15 140.000000 0.000000 160.000000 0.000000 -1.000000 0.000000 0.000000 0.000000 1.000000 -1.000000 -0.000000 0.000000 6536_2_add_2.dat
1 15 140.000000 0.000000 160.000000 0.000000 0.000000 -1.000000 1.000000 -0.000000 0.000000 0.000000 -1.000000 -0.000000 15100_1_add.dat
1 15 160.000000 10.000000 160.000000 0.000000 1.000000 0.000000 -1.000000 0.000000 0.000000 0.000000 0.000000 1.000000 2780.dat
1 15 140.000000 -20.000000 120.000000 -0.000000 1.000000 0.000000 -0.000000 -0.000000 1.000000 1.000000 0.000000 0.000000 6536_2_add_2.dat
1 15 140.000000 20.000000 200.000000 -0.000000 1.000000 0.000000 0.000000 0.000000 -1.000000 -1.000000 -0.000000 -0.000000 6536_2_add_2.dat
1 15 160.000000 10.000000 260.000000 -0.000000 0.000000 1.000000 1.000000 0.000000 0.000000 0.000000 1.000000 -0.000000 2780.dat
1 15 160.000000 10.000000 280.000000 -0.000000 0.000000 1.000000 1.000000 0.000000 0.000000 0.000000 1.000000 -0.000000 2780.dat
1 15 160.000000 -150.000000 40.000000 -0.000000 0.000000 1.000000 1.000000 0.000000 0.000000 0.000000 1.000000 -0.000000 2780.dat
1 15 160.000000 -150.000000 60.000000 -0.000000 0.000000 1.000000 1.000000 0.000000 0.000000 0.000000 1.000000 -0.000000 2780.dat
1 15 140.000000 -140.000000 120.000000 -0.000000 1.000000 0.000000 0.000000 0.000000 -1.000000 -1.000000 -0.000000 -0.000000 6536_2_add.dat
1 15 160.000000 -150.000000 160.000000 -0.000000 0.000000 1.000000 1.000000 0.000000 0.000000 0.000000 1.000000 -0.000000 2780.dat
1 15 0.000000 -150.000000 160.000000 0.000000 1.000000 0.000000 -1.000000 0.000000 0.000000 0.000000 0.000000 1.000000 2780.dat
1 15 20.000000 -140.000000 200.000000 0.000000 -0.000000 1.000000 -1.000000 -0.000000 0.000000 0.000000 -1.000000 -0.000000 32523_add_2.dat
1 15 140.000000 -120.000000 160.000000 0.000000 -1.000000 0.000000 -0.000000 -0.000000 -1.000000 1.000000 0.000000 -0.000000 6536_2_add.dat
1 15 140.000000 -160.000000 160.000000 0.000000 0.000000 -1.000000 1.000000 -0.000000 0.000000 0.000000 -1.000000 -0.000000 15100_1_add.dat
1 15 40.000000 -160.000000 60.000000 0.000000 -1.000000 -0.000000 -1.000000 -0.000000 -0.000000 0.000000 0.000000 -1.000000 32523_add_2.dat
1 15 -20.000000 -140.000000 140.000000 -0.000000 1.000000 0.000000 0.000000 0.000000 -1.000000 -1.000000 -0.000000 -0.000000 6536_2_add.dat