1 4 0 0 0 0 0 1 0 1 0 1 0 0  18654.dat
0 x轴，绿色
1 2 80 0 0 0 0 1 0 1 0 1 0 0  18654.dat
0 y轴，浅蓝色
1 3 0 80 0 0 0 1 0 1 0 1 0 0  18654.dat
0 z轴，粉红色
1 5 0 0 80 0 0 1 0 1 0 1 0 0  18654.dat

1 4 80.643036 -80.000000 0.753723 1 0 0 0 1 0 0 0 1 18654.dat
1 4 60.624240 -80.000000 0.699402 1 0 0 0 1 0 0 0 1 18654.dat
1 4 40.605444 -80.000000 0.645080 1 0 0 0 1 0 0 0 1 18654.dat
1 4 20.586648 -80.000000 0.590759 1 0 0 0 1 0 0 0 1 18654.dat
1 4 0.567852 -80.000000 0.536437 1 0 0 0 1 0 0 0 1 18654.dat
1 4 -19.450944 -80.000000 0.482116 1 0 0 0 1 0 0 0 1 18654.dat
1 4 -39.469740 -80.000000 0.427794 1 0 0 0 1 0 0 0 1 18654.dat
1 4 -59.488537 -80.000000 0.373473 1 0 0 0 1 0 0 0 1 18654.dat
1 4 -79.507333 -80.000000 0.319151 1 0 0 0 1 0 0 0 1 18654.dat
1 4 79.265701 -80.000000 160.705333 1 0 0 0 1 0 0 0 1 18654.dat
1 4 59.244529 -80.000000 160.651127 1 0 0 0 1 0 0 0 1 18654.dat
1 4 39.223358 -80.000000 160.596921 1 0 0 0 1 0 0 0 1 18654.dat
1 4 19.202186 -80.000000 160.542715 1 0 0 0 1 0 0 0 1 18654.dat
1 4 -0.818986 -80.000000 160.488509 1 0 0 0 1 0 0 0 1 18654.dat
1 4 -20.840158 -80.000000 160.434303 1 0 0 0 1 0 0 0 1 18654.dat
1 4 -40.861330 -80.000000 160.380097 1 0 0 0 1 0 0 0 1 18654.dat
1 4 -60.882502 -80.000000 160.325891 1 0 0 0 1 0 0 0 1 18654.dat
1 4 -80.903674 -80.000000 160.271685 1 0 0 0 1 0 0 0 1 18654.dat
1 4 80.470869 -80.000000 20.747674 1 0 0 0 1 0 0 0 1 18654.dat
1 4 80.298702 -80.000000 40.741626 1 0 0 0 1 0 0 0 1 18654.dat
1 4 80.126535 -80.000000 60.735577 1 0 0 0 1 0 0 0 1 18654.dat
1 4 79.954369 -80.000000 80.729528 1 0 0 0 1 0 0 0 1 18654.dat
1 4 79.782202 -80.000000 100.723479 1 0 0 0 1 0 0 0 1 18654.dat
1 4 79.610035 -80.000000 120.717430 1 0 0 0 1 0 0 0 1 18654.dat
1 4 79.437868 -80.000000 140.711381 1 0 0 0 1 0 0 0 1 18654.dat
1 4 -79.681875 -80.000000 20.313218 1 0 0 0 1 0 0 0 1 18654.dat
1 4 -79.856418 -80.000000 40.307285 1 0 0 0 1 0 0 0 1 18654.dat
1 4 -80.030961 -80.000000 60.301351 1 0 0 0 1 0 0 0 1 18654.dat
1 4 -80.205503 -80.000000 80.295418 1 0 0 0 1 0 0 0 1 18654.dat
1 4 -80.380046 -80.000000 100.289485 1 0 0 0 1 0 0 0 1 18654.dat
1 4 -80.554589 -80.000000 120.283551 1 0 0 0 1 0 0 0 1 18654.dat
1 4 -80.729131 -80.000000 140.277618 1 0 0 0 1 0 0 0 1 18654.dat
1 4 80.643036 -60.000000 0.753723 1 0 0 0 1 0 0 0 1 18654.dat
1 4 -79.507333 -60.000000 0.319151 1 0 0 0 1 0 0 0 1 18654.dat
1 4 79.265701 -60.000000 160.705333 1 0 0 0 1 0 0 0 1 18654.dat
1 4 -80.903674 -60.000000 160.271685 1 0 0 0 1 0 0 0 1 18654.dat
1 4 80.643036 -40.000000 0.753723 1 0 0 0 1 0 0 0 1 18654.dat
1 4 -79.507333 -40.000000 0.319151 1 0 0 0 1 0 0 0 1 18654.dat
1 4 79.265701 -40.000000 160.705333 1 0 0 0 1 0 0 0 1 18654.dat
1 4 -80.903674 -40.000000 160.271685 1 0 0 0 1 0 0 0 1 18654.dat
1 4 80.643036 -20.000000 0.753723 1 0 0 0 1 0 0 0 1 18654.dat
1 4 -79.507333 -20.000000 0.319151 1 0 0 0 1 0 0 0 1 18654.dat
1 4 79.265701 -20.000000 160.705333 1 0 0 0 1 0 0 0 1 18654.dat
1 4 -80.903674 -20.000000 160.271685 1 0 0 0 1 0 0 0 1 18654.dat
1 4 80.643036 0.000000 0.753723 1 0 0 0 1 0 0 0 1 18654.dat
1 4 -79.507333 0.000000 0.319151 1 0 0 0 1 0 0 0 1 18654.dat
1 4 79.265701 0.000000 160.705333 1 0 0 0 1 0 0 0 1 18654.dat
1 4 -80.903674 0.000000 160.271685 1 0 0 0 1 0 0 0 1 18654.dat
1 4 80.643036 20.000000 0.753723 1 0 0 0 1 0 0 0 1 18654.dat
1 4 -79.507333 20.000000 0.319151 1 0 0 0 1 0 0 0 1 18654.dat
1 4 79.265701 20.000000 160.705333 1 0 0 0 1 0 0 0 1 18654.dat
1 4 -80.903674 20.000000 160.271685 1 0 0 0 1 0 0 0 1 18654.dat
1 4 80.643036 40.000000 0.753723 1 0 0 0 1 0 0 0 1 18654.dat
1 4 -79.507333 40.000000 0.319151 1 0 0 0 1 0 0 0 1 18654.dat
1 4 79.265701 40.000000 160.705333 1 0 0 0 1 0 0 0 1 18654.dat
1 4 -80.903674 40.000000 160.271685 1 0 0 0 1 0 0 0 1 18654.dat
1 4 80.643036 60.000000 0.753723 1 0 0 0 1 0 0 0 1 18654.dat
1 4 -79.507333 60.000000 0.319151 1 0 0 0 1 0 0 0 1 18654.dat
1 4 79.265701 60.000000 160.705333 1 0 0 0 1 0 0 0 1 18654.dat
1 4 -80.903674 60.000000 160.271685 1 0 0 0 1 0 0 0 1 18654.dat
1 4 80.643036 80.000000 0.753723 1 0 0 0 1 0 0 0 1 18654.dat
1 4 60.624240 80.000000 0.699402 1 0 0 0 1 0 0 0 1 18654.dat
1 4 40.605444 80.000000 0.645080 1 0 0 0 1 0 0 0 1 18654.dat
1 4 20.586648 80.000000 0.590759 1 0 0 0 1 0 0 0 1 18654.dat
1 4 0.567852 80.000000 0.536437 1 0 0 0 1 0 0 0 1 18654.dat
1 4 -19.450944 80.000000 0.482116 1 0 0 0 1 0 0 0 1 18654.dat
1 4 -39.469740 80.000000 0.427794 1 0 0 0 1 0 0 0 1 18654.dat
1 4 -59.488537 80.000000 0.373473 1 0 0 0 1 0 0 0 1 18654.dat
1 4 -79.507333 80.000000 0.319151 1 0 0 0 1 0 0 0 1 18654.dat
1 4 79.265701 80.000000 160.705333 1 0 0 0 1 0 0 0 1 18654.dat
1 4 59.244529 80.000000 160.651127 1 0 0 0 1 0 0 0 1 18654.dat
1 4 39.223358 80.000000 160.596921 1 0 0 0 1 0 0 0 1 18654.dat
1 4 19.202186 80.000000 160.542715 1 0 0 0 1 0 0 0 1 18654.dat
1 4 -0.818986 80.000000 160.488509 1 0 0 0 1 0 0 0 1 18654.dat
1 4 -20.840158 80.000000 160.434303 1 0 0 0 1 0 0 0 1 18654.dat
1 4 -40.861330 80.000000 160.380097 1 0 0 0 1 0 0 0 1 18654.dat
1 4 -60.882502 80.000000 160.325891 1 0 0 0 1 0 0 0 1 18654.dat
1 4 -80.903674 80.000000 160.271685 1 0 0 0 1 0 0 0 1 18654.dat
1 4 80.470869 80.000000 20.747674 1 0 0 0 1 0 0 0 1 18654.dat
1 4 80.298702 80.000000 40.741626 1 0 0 0 1 0 0 0 1 18654.dat
1 4 80.126535 80.000000 60.735577 1 0 0 0 1 0 0 0 1 18654.dat
1 4 79.954369 80.000000 80.729528 1 0 0 0 1 0 0 0 1 18654.dat
1 4 79.782202 80.000000 100.723479 1 0 0 0 1 0 0 0 1 18654.dat
1 4 79.610035 80.000000 120.717430 1 0 0 0 1 0 0 0 1 18654.dat
1 4 79.437868 80.000000 140.711381 1 0 0 0 1 0 0 0 1 18654.dat
1 4 -79.681875 80.000000 20.313218 1 0 0 0 1 0 0 0 1 18654.dat
1 4 -79.856418 80.000000 40.307285 1 0 0 0 1 0 0 0 1 18654.dat
1 4 -80.030961 80.000000 60.301351 1 0 0 0 1 0 0 0 1 18654.dat
1 4 -80.205503 80.000000 80.295418 1 0 0 0 1 0 0 0 1 18654.dat
1 4 -80.380046 80.000000 100.289485 1 0 0 0 1 0 0 0 1 18654.dat
1 4 -80.554589 80.000000 120.283551 1 0 0 0 1 0 0 0 1 18654.dat
1 4 -80.729131 80.000000 140.277618 1 0 0 0 1 0 0 0 1 18654.dat
1 4 64.589969 80.000000 12.673592 1 0 0 0 1 0 0 0 1 18654.dat
1 4 48.536902 80.000000 24.593461 1 0 0 0 1 0 0 0 1 18654.dat
1 4 32.483835 80.000000 36.513330 1 0 0 0 1 0 0 0 1 18654.dat
1 4 16.430768 80.000000 48.433199 1 0 0 0 1 0 0 0 1 18654.dat
1 4 0.377701 80.000000 60.353068 1 0 0 0 1 0 0 0 1 18654.dat
1 4 -15.675366 80.000000 72.272936 1 0 0 0 1 0 0 0 1 18654.dat
1 4 -31.728432 80.000000 84.192805 1 0 0 0 1 0 0 0 1 18654.dat
1 4 -47.781499 80.000000 96.112674 1 0 0 0 1 0 0 0 1 18654.dat
1 4 -63.834566 80.000000 108.032543 1 0 0 0 1 0 0 0 1 18654.dat



1 4 -79.837573 100.000000 120.516313 1.000000 0.000000 0.000000 0.000000 1.000000 0.000000 0.000000 0.000000 1.000000 18654.dat
1 4 -79.837573 120.000000 130.516313 1.000000 0.000000 0.000000 0.000000 1.000000 0.000000 0.000000 0.000000 1.000000 43857.dat
1 4 -79.837573 140.000000 110.516313 1.000000 0.000000 0.000000 0.000000 1.000000 0.000000 0.000000 0.000000 1.000000 43857.dat
1 4 -71.747403 160.000000 114.638461 -0.587785 0.000000 0.809017 0.000000 1.000000 0.000000 -0.809017 0.000000 -0.587785 43857.dat
1 4 -79.314214 180.000000 110.530018 -0.998630 0.000000 0.052336 0.000000 1.000000 0.000000 -0.052336 0.000000 -0.998630 43857.dat
1 4 -80.360933 200.000000 130.502609 -0.998630 0.000000 0.052336 0.000000 1.000000 0.000000 -0.052336 0.000000 -0.998630 43857.dat
1 4 -79.837573 220.000000 140.516313 1.000000 0.000000 0.000000 0.000000 1.000000 0.000000 0.000000 0.000000 1.000000 32523.dat
1 4 -79.837573 240.000000 120.516313 1.000000 0.000000 0.000000 0.000000 1.000000 0.000000 0.000000 0.000000 1.000000 32523.dat
1 4 -79.837573 260.000000 100.516313 1.000000 0.000000 0.000000 0.000000 1.000000 0.000000 0.000000 0.000000 1.000000 32523.dat
1 4 -63.864863 280.000000 108.480013 -0.601815 0.000000 0.798636 0.000000 1.000000 0.000000 -0.798636 0.000000 -0.601815 32523.dat
1 4 -79.837573 300.000000 120.516313 -0.998630 0.000000 0.052336 0.000000 1.000000 0.000000 -0.052336 0.000000 -0.998630 32523.dat
1 4 -79.837573 320.000000 130.516313 1.000000 0.000000 0.000000 0.000000 1.000000 0.000000 0.000000 0.000000 1.000000 32449.dat
1 4 -79.837573 340.000000 110.516313 1.000000 0.000000 0.000000 0.000000 1.000000 0.000000 0.000000 0.000000 1.000000 32449.dat
1 4 -79.837573 360.000000 90.516313 1.000000 0.000000 0.000000 0.000000 1.000000 0.000000 0.000000 0.000000 1.000000 32449.dat
1 4 -55.878508 380.000000 102.461863 -0.601815 0.000000 0.798636 0.000000 1.000000 0.000000 -0.798636 0.000000 -0.601815 32449.dat
1 4 -79.314001 400.000000 90.520883 -0.999848 0.000000 0.017452 0.000000 1.000000 0.000000 -0.017452 0.000000 -0.999848 32449.dat
1 4 -79.837573 420.000000 120.516313 1.000000 0.000000 0.000000 0.000000 1.000000 0.000000 0.000000 0.000000 1.000000 32316.dat
1 4 -79.837573 440.000000 100.516313 1.000000 0.000000 0.000000 0.000000 1.000000 0.000000 0.000000 0.000000 1.000000 32316.dat
1 4 -79.837573 460.000000 80.516313 1.000000 0.000000 0.000000 0.000000 1.000000 0.000000 0.000000 0.000000 1.000000 32316.dat
1 4 -47.892153 480.000000 96.443713 -0.601815 0.000000 0.798636 0.000000 1.000000 0.000000 -0.798636 0.000000 -0.601815 32316.dat
1 4 -79.139477 500.000000 80.522406 -0.999848 0.000000 0.017452 0.000000 1.000000 0.000000 -0.017452 0.000000 -0.999848 32316.dat
1 4 -79.488525 520.000000 100.519360 -0.999848 0.000000 0.017452 0.000000 1.000000 0.000000 -0.017452 0.000000 -0.999848 32316.dat
1 4 -79.837573 540.000000 110.516313 1.000000 0.000000 0.000000 0.000000 1.000000 0.000000 0.000000 0.000000 1.000000 32063.dat
1 4 -79.837573 560.000000 90.516313 1.000000 0.000000 0.000000 0.000000 1.000000 0.000000 0.000000 0.000000 1.000000 32063.dat
1 4 -79.837573 580.000000 70.516313 1.000000 0.000000 0.000000 0.000000 1.000000 0.000000 0.000000 0.000000 1.000000 32063.dat
1 4 -39.905798 600.000000 90.425562 -0.601815 0.000000 0.798636 0.000000 1.000000 0.000000 -0.798636 0.000000 -0.601815 32063.dat
1 4 -78.964953 620.000000 70.523929 -0.999848 0.000000 0.017452 0.000000 1.000000 0.000000 -0.017452 0.000000 -0.999848 32063.dat
1 4 -79.314001 640.000000 90.520883 -0.999848 0.000000 0.017452 0.000000 1.000000 0.000000 -0.017452 0.000000 -0.999848 32063.dat
1 4 -79.663049 660.000000 110.517837 -0.999848 0.000000 0.017452 0.000000 1.000000 0.000000 -0.017452 0.000000 -0.999848 32063.dat
1 4 -79.837573 680.000000 100.516313 1.000000 0.000000 0.000000 0.000000 1.000000 0.000000 0.000000 0.000000 1.000000 32524.dat
1 4 -79.837573 700.000000 80.516313 1.000000 0.000000 0.000000 0.000000 1.000000 0.000000 0.000000 0.000000 1.000000 32524.dat
1 4 -79.837573 720.000000 60.516313 1.000000 0.000000 0.000000 0.000000 1.000000 0.000000 0.000000 0.000000 1.000000 32524.dat
1 4 -31.919442 740.000000 84.407412 -0.601815 0.000000 0.798636 0.000000 1.000000 0.000000 -0.798636 0.000000 -0.601815 32524.dat
1 4 -79.139477 760.000000 80.522406 -0.999848 0.000000 0.017452 0.000000 1.000000 0.000000 -0.017452 0.000000 -0.999848 32524.dat
1 4 -79.488525 780.000000 100.519360 -0.999848 0.000000 0.017452 0.000000 1.000000 0.000000 -0.017452 0.000000 -0.999848 32524.dat
1 4 -79.837573 800.000000 80.516313 1.000000 0.000000 0.000000 0.000000 1.000000 0.000000 0.000000 0.000000 1.000000 40490.dat
1 4 -79.837573 820.000000 100.516313 1.000000 0.000000 0.000000 0.000000 1.000000 0.000000 0.000000 0.000000 1.000000 32140.dat
1 4 -80.535669 840.000000 160.510221 0.017452 0.000000 0.999848 0.000000 1.000000 0.000000 -0.999848 0.000000 0.017452 32056.dat
1 4 -79.837573 860.000000 80.516313 1.000000 0.000000 0.000000 0.000000 1.000000 0.000000 0.000000 0.000000 1.000000 32526.dat
1 4 0.162427 880.000000 160.516313 -0.000000 -0.000000 -1.000000 0.000000 -1.000000 0.000000 -1.000000 0.000000 0.000000 32526.dat
1 4 15.998688 900.000000 48.298511 0.601815 0.000000 -0.798636 0.000000 1.000000 0.000000 0.798636 0.000000 0.601815 32271.dat