1 4 0 0 0 0 0 1 0 1 0 1 0 0  18654.dat
0 x轴，绿色
1 2 80 0 0 0 0 1 0 1 0 1 0 0  18654.dat
0 y轴，浅蓝色
1 3 0 80 0 0 0 1 0 1 0 1 0 0  18654.dat
0 z轴，粉红色
1 5 0 0 80 0 0 1 0 1 0 1 0 0  18654.dat


1 4 -0.075083 0.000000 680.012435 1 0 0 0 1 0 0 0 1 18654.dat
1 4 19.934191 0.000000 680.003916 1 0 0 0 1 0 0 0 1 18654.dat
1 4 39.943466 0.000000 679.995397 1 0 0 0 1 0 0 0 1 18654.dat
1 4 59.952740 0.000000 679.986879 1 0 0 0 1 0 0 0 1 18654.dat
1 4 79.962014 0.000000 679.978360 1 0 0 0 1 0 0 0 1 18654.dat
1 4 99.971289 0.000000 679.969841 1 0 0 0 1 0 0 0 1 18654.dat
1 4 119.980563 0.000000 679.961322 1 0 0 0 1 0 0 0 1 18654.dat
1 4 139.989837 0.000000 679.952804 1 0 0 0 1 0 0 0 1 18654.dat
1 4 159.999112 0.000000 679.944285 1 0 0 0 1 0 0 0 1 18654.dat
1 4 180.004670 0.000000 679.951297 1 0 0 0 1 0 0 0 1 18654.dat
1 4 200.010228 0.000000 679.958310 1 0 0 0 1 0 0 0 1 18654.dat
1 4 220.015786 0.000000 679.965322 1 0 0 0 1 0 0 0 1 18654.dat
1 4 240.021344 0.000000 679.972334 1 0 0 0 1 0 0 0 1 18654.dat
1 4 260.026902 0.000000 679.979347 1 0 0 0 1 0 0 0 1 18654.dat
1 4 280.032460 0.000000 679.986359 1 0 0 0 1 0 0 0 1 18654.dat
1 4 300.038018 0.000000 679.993371 1 0 0 0 1 0 0 0 1 18654.dat
1 4 320.043577 0.000000 680.000383 1 0 0 0 1 0 0 0 1 18654.dat
1 4 340.050951 0.000000 679.999322 1 0 0 0 1 0 0 0 1 18654.dat
1 4 360.058325 0.000000 679.998260 1 0 0 0 1 0 0 0 1 18654.dat
1 4 380.065699 0.000000 679.997199 1 0 0 0 1 0 0 0 1 18654.dat
1 4 400.073073 0.000000 679.996137 1 0 0 0 1 0 0 0 1 18654.dat
1 4 420.080447 0.000000 679.995075 1 0 0 0 1 0 0 0 1 18654.dat
1 4 440.087821 0.000000 679.994014 1 0 0 0 1 0 0 0 1 18654.dat
1 4 460.095195 0.000000 679.992952 1 0 0 0 1 0 0 0 1 18654.dat
1 4 480.102569 0.000000 679.991890 1 0 0 0 1 0 0 0 1 18654.dat
1 4 500.101922 0.000000 680.011706 1 0 0 0 1 0 0 0 1 18654.dat
1 4 520.101275 0.000000 680.031521 1 0 0 0 1 0 0 0 1 18654.dat
1 4 540.100627 0.000000 680.051336 1 0 0 0 1 0 0 0 1 18654.dat
1 4 560.099980 0.000000 680.071151 1 0 0 0 1 0 0 0 1 18654.dat
1 4 580.099333 0.000000 680.090966 1 0 0 0 1 0 0 0 1 18654.dat
1 4 600.098685 0.000000 680.110781 1 0 0 0 1 0 0 0 1 18654.dat
1 4 620.098038 0.000000 680.130596 1 0 0 0 1 0 0 0 1 18654.dat
1 4 640.097391 0.000000 680.150411 1 0 0 0 1 0 0 0 1 18654.dat
1 4 159.998368 0.000000 699.961111 1 0 0 0 1 0 0 0 1 18654.dat
1 4 159.997625 0.000000 719.977938 1 0 0 0 1 0 0 0 1 18654.dat
1 4 159.996882 0.000000 739.994764 1 0 0 0 1 0 0 0 1 18654.dat
1 4 159.996139 0.000000 760.011590 1 0 0 0 1 0 0 0 1 18654.dat
1 4 159.995395 0.000000 780.028416 1 0 0 0 1 0 0 0 1 18654.dat
1 4 159.994652 0.000000 800.045243 1 0 0 0 1 0 0 0 1 18654.dat
1 4 175.999545 0.000000 788.040757 1 0 0 0 1 0 0 0 1 18654.dat
1 4 192.004437 0.000000 776.036271 1 0 0 0 1 0 0 0 1 18654.dat
1 4 208.009329 0.000000 764.031785 1 0 0 0 1 0 0 0 1 18654.dat
1 4 224.014222 0.000000 752.027299 1 0 0 0 1 0 0 0 1 18654.dat
1 4 240.019114 0.000000 740.022813 1 0 0 0 1 0 0 0 1 18654.dat
1 4 256.024007 0.000000 728.018327 1 0 0 0 1 0 0 0 1 18654.dat
1 4 272.028899 0.000000 716.013841 1 0 0 0 1 0 0 0 1 18654.dat
1 4 288.033792 0.000000 704.009355 1 0 0 0 1 0 0 0 1 18654.dat
1 4 304.038684 0.000000 692.004869 1 0 0 0 1 0 0 0 1 18654.dat
1 4 336.039438 0.000000 691.998912 1 0 0 0 1 0 0 0 1 18654.dat
1 4 352.035300 0.000000 703.997441 1 0 0 0 1 0 0 0 1 18654.dat
1 4 368.031162 0.000000 715.995970 1 0 0 0 1 0 0 0 1 18654.dat
1 4 384.027023 0.000000 727.994499 1 0 0 0 1 0 0 0 1 18654.dat
1 4 400.022885 0.000000 739.993028 1 0 0 0 1 0 0 0 1 18654.dat
1 4 416.018747 0.000000 751.991557 1 0 0 0 1 0 0 0 1 18654.dat
1 4 432.014609 0.000000 763.990086 1 0 0 0 1 0 0 0 1 18654.dat
1 4 448.010470 0.000000 775.988615 1 0 0 0 1 0 0 0 1 18654.dat
1 4 464.006332 0.000000 787.987144 1 0 0 0 1 0 0 0 1 18654.dat
1 4 480.002194 0.000000 799.985673 1 0 0 0 1 0 0 0 1 18654.dat
1 4 480.018923 0.000000 779.986709 1 0 0 0 1 0 0 0 1 18654.dat
1 4 480.035652 0.000000 759.987745 1 0 0 0 1 0 0 0 1 18654.dat
1 4 480.052382 0.000000 739.988782 1 0 0 0 1 0 0 0 1 18654.dat
1 4 480.069111 0.000000 719.989818 1 0 0 0 1 0 0 0 1 18654.dat
1 4 480.085840 0.000000 699.990854 1 0 0 0 1 0 0 0 1 18654.dat
1 4 320.046039 0.000000 699.995067 1 0 0 0 1 0 0 0 1 18654.dat
1 4 320.048502 0.000000 719.989751 1 0 0 0 1 0 0 0 1 18654.dat
1 4 320.050965 0.000000 739.984434 1 0 0 0 1 0 0 0 1 18654.dat
1 4 320.053428 0.000000 759.979118 1 0 0 0 1 0 0 0 1 18654.dat
1 4 320.055891 0.000000 779.973801 1 0 0 0 1 0 0 0 1 18654.dat
1 4 320.058354 0.000000 799.968485 1 0 0 0 1 0 0 0 1 18654.dat
1 4 320.060817 0.000000 819.963168 1 0 0 0 1 0 0 0 1 18654.dat
1 4 320.063280 0.000000 839.957852 1 0 0 0 1 0 0 0 1 18654.dat
1 4 320.065742 0.000000 859.952536 1 0 0 0 1 0 0 0 1 18654.dat
1 4 320.068205 0.000000 879.947219 1 0 0 0 1 0 0 0 1 18654.dat
1 4 320.070668 0.000000 899.941903 1 0 0 0 1 0 0 0 1 18654.dat
1 4 320.073131 0.000000 919.936586 1 0 0 0 1 0 0 0 1 18654.dat
1 4 15.931890 0.000000 692.015716 1 0 0 0 1 0 0 0 1 18654.dat
1 4 31.938864 0.000000 704.018996 1 0 0 0 1 0 0 0 1 18654.dat
1 4 47.945837 0.000000 716.022277 1 0 0 0 1 0 0 0 1 18654.dat
1 4 63.952811 0.000000 728.025558 1 0 0 0 1 0 0 0 1 18654.dat
1 4 79.959785 0.000000 740.028839 1 0 0 0 1 0 0 0 1 18654.dat
1 4 95.966758 0.000000 752.032120 1 0 0 0 1 0 0 0 1 18654.dat
1 4 111.973732 0.000000 764.035400 1 0 0 0 1 0 0 0 1 18654.dat
1 4 127.980705 0.000000 776.038681 1 0 0 0 1 0 0 0 1 18654.dat
1 4 143.987679 0.000000 788.041962 1 0 0 0 1 0 0 0 1 18654.dat
1 4 176.002500 0.000000 812.034377 1 0 0 0 1 0 0 0 1 18654.dat
1 4 192.010348 0.000000 824.023511 1 0 0 0 1 0 0 0 1 18654.dat
1 4 208.018196 0.000000 836.012646 1 0 0 0 1 0 0 0 1 18654.dat
1 4 224.026044 0.000000 848.001780 1 0 0 0 1 0 0 0 1 18654.dat
1 4 240.033892 0.000000 859.990915 1 0 0 0 1 0 0 0 1 18654.dat
1 4 256.041740 0.000000 871.980049 1 0 0 0 1 0 0 0 1 18654.dat
1 4 272.049587 0.000000 883.969183 1 0 0 0 1 0 0 0 1 18654.dat
1 4 288.057435 0.000000 895.958318 1 0 0 0 1 0 0 0 1 18654.dat
1 4 304.065283 0.000000 907.947452 1 0 0 0 1 0 0 0 1 18654.dat
1 4 336.066037 0.000000 907.941495 1 0 0 0 1 0 0 0 1 18654.dat
1 4 352.058944 0.000000 895.946404 1 0 0 0 1 0 0 0 1 18654.dat
1 4 368.051850 0.000000 883.951312 1 0 0 0 1 0 0 0 1 18654.dat
1 4 384.044756 0.000000 871.956221 1 0 0 0 1 0 0 0 1 18654.dat
1 4 400.037662 0.000000 859.961130 1 0 0 0 1 0 0 0 1 18654.dat
1 4 416.030569 0.000000 847.966038 1 0 0 0 1 0 0 0 1 18654.dat
1 4 432.023475 0.000000 835.970947 1 0 0 0 1 0 0 0 1 18654.dat
1 4 448.016381 0.000000 823.975855 1 0 0 0 1 0 0 0 1 18654.dat
1 4 464.009287 0.000000 811.980764 1 0 0 0 1 0 0 0 1 18654.dat
1 4 496.011713 0.000000 788.002147 1 0 0 0 1 0 0 0 1 18654.dat
1 4 512.021233 0.000000 776.018620 1 0 0 0 1 0 0 0 1 18654.dat
1 4 528.030753 0.000000 764.035094 1 0 0 0 1 0 0 0 1 18654.dat
1 4 544.040273 0.000000 752.051568 1 0 0 0 1 0 0 0 1 18654.dat
1 4 560.049792 0.000000 740.068042 1 0 0 0 1 0 0 0 1 18654.dat
1 4 576.059312 0.000000 728.084516 1 0 0 0 1 0 0 0 1 18654.dat
1 4 592.068832 0.000000 716.100990 1 0 0 0 1 0 0 0 1 18654.dat
1 4 608.078351 0.000000 704.117464 1 0 0 0 1 0 0 0 1 18654.dat
1 4 624.087871 0.000000 692.133938 1 0 0 0 1 0 0 0 1 18654.dat
1 4 0.097760 0.000000 0.047002 1 0 0 0 1 0 0 0 1 18654.dat
1 4 0.092676 0.000000 20.045985 1 0 0 0 1 0 0 0 1 18654.dat
1 4 0.087592 0.000000 40.044969 1 0 0 0 1 0 0 0 1 18654.dat
1 4 0.082509 0.000000 60.043952 1 0 0 0 1 0 0 0 1 18654.dat
1 4 0.077425 0.000000 80.042935 1 0 0 0 1 0 0 0 1 18654.dat
1 4 0.072342 0.000000 100.041919 1 0 0 0 1 0 0 0 1 18654.dat
1 4 0.067258 0.000000 120.040902 1 0 0 0 1 0 0 0 1 18654.dat
1 4 0.062174 0.000000 140.039885 1 0 0 0 1 0 0 0 1 18654.dat
1 4 0.057091 0.000000 160.038869 1 0 0 0 1 0 0 0 1 18654.dat
1 4 0.052007 0.000000 180.037852 1 0 0 0 1 0 0 0 1 18654.dat
1 4 0.046923 0.000000 200.036835 1 0 0 0 1 0 0 0 1 18654.dat
1 4 0.041840 0.000000 220.035819 1 0 0 0 1 0 0 0 1 18654.dat
1 4 0.036756 0.000000 240.034802 1 0 0 0 1 0 0 0 1 18654.dat
1 4 0.031673 0.000000 260.033785 1 0 0 0 1 0 0 0 1 18654.dat
1 4 0.026589 0.000000 280.032769 1 0 0 0 1 0 0 0 1 18654.dat
1 4 0.021505 0.000000 300.031752 1 0 0 0 1 0 0 0 1 18654.dat
1 4 0.016422 0.000000 320.030735 1 0 0 0 1 0 0 0 1 18654.dat
1 4 0.011338 0.000000 340.029718 1 0 0 0 1 0 0 0 1 18654.dat
1 4 0.006255 0.000000 360.028702 1 0 0 0 1 0 0 0 1 18654.dat
1 4 0.001171 0.000000 380.027685 1 0 0 0 1 0 0 0 1 18654.dat
1 4 -0.003913 0.000000 400.026668 1 0 0 0 1 0 0 0 1 18654.dat
1 4 -0.008996 0.000000 420.025652 1 0 0 0 1 0 0 0 1 18654.dat
1 4 -0.014080 0.000000 440.024635 1 0 0 0 1 0 0 0 1 18654.dat
1 4 -0.019163 0.000000 460.023618 1 0 0 0 1 0 0 0 1 18654.dat
1 4 -0.024247 0.000000 480.022602 1 0 0 0 1 0 0 0 1 18654.dat
1 4 -0.029331 0.000000 500.021585 1 0 0 0 1 0 0 0 1 18654.dat
1 4 -0.034414 0.000000 520.020568 1 0 0 0 1 0 0 0 1 18654.dat
1 4 -0.039498 0.000000 540.019552 1 0 0 0 1 0 0 0 1 18654.dat
1 4 -0.044581 0.000000 560.018535 1 0 0 0 1 0 0 0 1 18654.dat
1 4 -0.049665 0.000000 580.017518 1 0 0 0 1 0 0 0 1 18654.dat
1 4 -0.054749 0.000000 600.016502 1 0 0 0 1 0 0 0 1 18654.dat
1 4 -0.059832 0.000000 620.015485 1 0 0 0 1 0 0 0 1 18654.dat
1 4 -0.064916 0.000000 640.014468 1 0 0 0 1 0 0 0 1 18654.dat
1 4 -0.070000 0.000000 660.013451 1 0 0 0 1 0 0 0 1 18654.dat
1 4 639.830211 0.000000 0.111999 1 0 0 0 1 0 0 0 1 18654.dat
1 4 639.838069 0.000000 20.113129 1 0 0 0 1 0 0 0 1 18654.dat
1 4 639.845927 0.000000 40.114258 1 0 0 0 1 0 0 0 1 18654.dat
1 4 639.853785 0.000000 60.115388 1 0 0 0 1 0 0 0 1 18654.dat
1 4 639.861644 0.000000 80.116518 1 0 0 0 1 0 0 0 1 18654.dat
1 4 639.869502 0.000000 100.117648 1 0 0 0 1 0 0 0 1 18654.dat
1 4 639.877360 0.000000 120.118777 1 0 0 0 1 0 0 0 1 18654.dat
1 4 639.885218 0.000000 140.119907 1 0 0 0 1 0 0 0 1 18654.dat
1 4 639.893077 0.000000 160.121037 1 0 0 0 1 0 0 0 1 18654.dat
1 4 639.900935 0.000000 180.122167 1 0 0 0 1 0 0 0 1 18654.dat
1 4 639.908793 0.000000 200.123297 1 0 0 0 1 0 0 0 1 18654.dat
1 4 639.916651 0.000000 220.124426 1 0 0 0 1 0 0 0 1 18654.dat
1 4 639.924509 0.000000 240.125556 1 0 0 0 1 0 0 0 1 18654.dat
1 4 639.932368 0.000000 260.126686 1 0 0 0 1 0 0 0 1 18654.dat
1 4 639.940226 0.000000 280.127816 1 0 0 0 1 0 0 0 1 18654.dat
1 4 639.948084 0.000000 300.128946 1 0 0 0 1 0 0 0 1 18654.dat
1 4 639.955942 0.000000 320.130075 1 0 0 0 1 0 0 0 1 18654.dat
1 4 639.963801 0.000000 340.131205 1 0 0 0 1 0 0 0 1 18654.dat
1 4 639.971659 0.000000 360.132335 1 0 0 0 1 0 0 0 1 18654.dat
1 4 639.979517 0.000000 380.133465 1 0 0 0 1 0 0 0 1 18654.dat
1 4 639.987375 0.000000 400.134594 1 0 0 0 1 0 0 0 1 18654.dat
1 4 639.995234 0.000000 420.135724 1 0 0 0 1 0 0 0 1 18654.dat
1 4 640.003092 0.000000 440.136854 1 0 0 0 1 0 0 0 1 18654.dat
1 4 640.010950 0.000000 460.137984 1 0 0 0 1 0 0 0 1 18654.dat
1 4 640.018808 0.000000 480.139114 1 0 0 0 1 0 0 0 1 18654.dat
1 4 640.026667 0.000000 500.140243 1 0 0 0 1 0 0 0 1 18654.dat
1 4 640.034525 0.000000 520.141373 1 0 0 0 1 0 0 0 1 18654.dat
1 4 640.042383 0.000000 540.142503 1 0 0 0 1 0 0 0 1 18654.dat
1 4 640.050241 0.000000 560.143633 1 0 0 0 1 0 0 0 1 18654.dat
1 4 640.058100 0.000000 580.144762 1 0 0 0 1 0 0 0 1 18654.dat
1 4 640.065958 0.000000 600.145892 1 0 0 0 1 0 0 0 1 18654.dat
1 4 640.073816 0.000000 620.147022 1 0 0 0 1 0 0 0 1 18654.dat
1 4 640.081674 0.000000 640.148152 1 0 0 0 1 0 0 0 1 18654.dat
1 4 640.089532 0.000000 660.149282 1 0 0 0 1 0 0 0 1 18654.dat
1 4 -0.075083 20.000000 680.012435 1 0 0 0 1 0 0 0 1 18654.dat
1 4 159.999112 20.000000 679.944285 1 0 0 0 1 0 0 0 1 18654.dat
1 4 320.043577 20.000000 680.000383 1 0 0 0 1 0 0 0 1 18654.dat
1 4 480.102569 20.000000 679.991890 1 0 0 0 1 0 0 0 1 18654.dat
1 4 640.097391 20.000000 680.150411 1 0 0 0 1 0 0 0 1 18654.dat
1 4 320.073131 20.000000 919.936586 1 0 0 0 1 0 0 0 1 18654.dat
1 4 -0.075083 40.000000 680.012435 1 0 0 0 1 0 0 0 1 18654.dat
1 4 159.999112 40.000000 679.944285 1 0 0 0 1 0 0 0 1 18654.dat
1 4 320.043577 40.000000 680.000383 1 0 0 0 1 0 0 0 1 18654.dat
1 4 480.102569 40.000000 679.991890 1 0 0 0 1 0 0 0 1 18654.dat
1 4 640.097391 40.000000 680.150411 1 0 0 0 1 0 0 0 1 18654.dat
1 4 320.073131 40.000000 919.936586 1 0 0 0 1 0 0 0 1 18654.dat
1 4 -0.075083 60.000000 680.012435 1 0 0 0 1 0 0 0 1 18654.dat
1 4 159.999112 60.000000 679.944285 1 0 0 0 1 0 0 0 1 18654.dat
1 4 320.043577 60.000000 680.000383 1 0 0 0 1 0 0 0 1 18654.dat
1 4 480.102569 60.000000 679.991890 1 0 0 0 1 0 0 0 1 18654.dat
1 4 640.097391 60.000000 680.150411 1 0 0 0 1 0 0 0 1 18654.dat
1 4 320.073131 60.000000 919.936586 1 0 0 0 1 0 0 0 1 18654.dat
1 4 -0.075083 80.000000 680.012435 1 0 0 0 1 0 0 0 1 18654.dat
1 4 159.999112 80.000000 679.944285 1 0 0 0 1 0 0 0 1 18654.dat
1 4 320.043577 80.000000 680.000383 1 0 0 0 1 0 0 0 1 18654.dat
1 4 480.102569 80.000000 679.991890 1 0 0 0 1 0 0 0 1 18654.dat
1 4 640.097391 80.000000 680.150411 1 0 0 0 1 0 0 0 1 18654.dat
1 4 320.073131 80.000000 919.936586 1 0 0 0 1 0 0 0 1 18654.dat
1 4 -0.075083 100.000000 680.012435 1 0 0 0 1 0 0 0 1 18654.dat
1 4 159.999112 100.000000 679.944285 1 0 0 0 1 0 0 0 1 18654.dat
1 4 320.043577 100.000000 680.000383 1 0 0 0 1 0 0 0 1 18654.dat
1 4 480.102569 100.000000 679.991890 1 0 0 0 1 0 0 0 1 18654.dat
1 4 640.097391 100.000000 680.150411 1 0 0 0 1 0 0 0 1 18654.dat
1 4 320.073131 100.000000 919.936586 1 0 0 0 1 0 0 0 1 18654.dat
1 4 -0.075083 120.000000 680.012435 1 0 0 0 1 0 0 0 1 18654.dat
1 4 159.999112 120.000000 679.944285 1 0 0 0 1 0 0 0 1 18654.dat
1 4 320.043577 120.000000 680.000383 1 0 0 0 1 0 0 0 1 18654.dat
1 4 480.102569 120.000000 679.991890 1 0 0 0 1 0 0 0 1 18654.dat
1 4 640.097391 120.000000 680.150411 1 0 0 0 1 0 0 0 1 18654.dat
1 4 320.073131 120.000000 919.936586 1 0 0 0 1 0 0 0 1 18654.dat
1 4 -0.075083 140.000000 680.012435 1 0 0 0 1 0 0 0 1 18654.dat
1 4 159.999112 140.000000 679.944285 1 0 0 0 1 0 0 0 1 18654.dat
1 4 320.043577 140.000000 680.000383 1 0 0 0 1 0 0 0 1 18654.dat
1 4 480.102569 140.000000 679.991890 1 0 0 0 1 0 0 0 1 18654.dat
1 4 640.097391 140.000000 680.150411 1 0 0 0 1 0 0 0 1 18654.dat
1 4 320.073131 140.000000 919.936586 1 0 0 0 1 0 0 0 1 18654.dat
1 4 -0.075083 160.000000 680.012435 1 0 0 0 1 0 0 0 1 18654.dat
1 4 159.999112 160.000000 679.944285 1 0 0 0 1 0 0 0 1 18654.dat
1 4 320.043577 160.000000 680.000383 1 0 0 0 1 0 0 0 1 18654.dat
1 4 480.102569 160.000000 679.991890 1 0 0 0 1 0 0 0 1 18654.dat
1 4 640.097391 160.000000 680.150411 1 0 0 0 1 0 0 0 1 18654.dat
1 4 320.073131 160.000000 919.936586 1 0 0 0 1 0 0 0 1 18654.dat
1 4 -0.075083 180.000000 680.012435 1 0 0 0 1 0 0 0 1 18654.dat
1 4 159.999112 180.000000 679.944285 1 0 0 0 1 0 0 0 1 18654.dat
1 4 320.043577 180.000000 680.000383 1 0 0 0 1 0 0 0 1 18654.dat
1 4 480.102569 180.000000 679.991890 1 0 0 0 1 0 0 0 1 18654.dat
1 4 640.097391 180.000000 680.150411 1 0 0 0 1 0 0 0 1 18654.dat
1 4 320.073131 180.000000 919.936586 1 0 0 0 1 0 0 0 1 18654.dat
1 4 -0.075083 200.000000 680.012435 1 0 0 0 1 0 0 0 1 18654.dat
1 4 159.999112 200.000000 679.944285 1 0 0 0 1 0 0 0 1 18654.dat
1 4 320.043577 200.000000 680.000383 1 0 0 0 1 0 0 0 1 18654.dat
1 4 480.102569 200.000000 679.991890 1 0 0 0 1 0 0 0 1 18654.dat
1 4 640.097391 200.000000 680.150411 1 0 0 0 1 0 0 0 1 18654.dat
1 4 320.073131 200.000000 919.936586 1 0 0 0 1 0 0 0 1 18654.dat
1 4 -0.075083 220.000000 680.012435 1 0 0 0 1 0 0 0 1 18654.dat
1 4 159.999112 220.000000 679.944285 1 0 0 0 1 0 0 0 1 18654.dat
1 4 320.043577 220.000000 680.000383 1 0 0 0 1 0 0 0 1 18654.dat
1 4 480.102569 220.000000 679.991890 1 0 0 0 1 0 0 0 1 18654.dat
1 4 640.097391 220.000000 680.150411 1 0 0 0 1 0 0 0 1 18654.dat
1 4 320.073131 220.000000 919.936586 1 0 0 0 1 0 0 0 1 18654.dat
1 4 -0.075083 240.000000 680.012435 1 0 0 0 1 0 0 0 1 18654.dat
1 4 159.999112 240.000000 679.944285 1 0 0 0 1 0 0 0 1 18654.dat
1 4 320.043577 240.000000 680.000383 1 0 0 0 1 0 0 0 1 18654.dat
1 4 480.102569 240.000000 679.991890 1 0 0 0 1 0 0 0 1 18654.dat
1 4 640.097391 240.000000 680.150411 1 0 0 0 1 0 0 0 1 18654.dat
1 4 320.073131 240.000000 919.936586 1 0 0 0 1 0 0 0 1 18654.dat
1 4 -0.075083 260.000000 680.012435 1 0 0 0 1 0 0 0 1 18654.dat
1 4 159.999112 260.000000 679.944285 1 0 0 0 1 0 0 0 1 18654.dat
1 4 320.043577 260.000000 680.000383 1 0 0 0 1 0 0 0 1 18654.dat
1 4 480.102569 260.000000 679.991890 1 0 0 0 1 0 0 0 1 18654.dat
1 4 640.097391 260.000000 680.150411 1 0 0 0 1 0 0 0 1 18654.dat
1 4 320.073131 260.000000 919.936586 1 0 0 0 1 0 0 0 1 18654.dat
1 4 -0.075083 280.000000 680.012435 1 0 0 0 1 0 0 0 1 18654.dat
1 4 159.999112 280.000000 679.944285 1 0 0 0 1 0 0 0 1 18654.dat
1 4 320.043577 280.000000 680.000383 1 0 0 0 1 0 0 0 1 18654.dat
1 4 480.102569 280.000000 679.991890 1 0 0 0 1 0 0 0 1 18654.dat
1 4 640.097391 280.000000 680.150411 1 0 0 0 1 0 0 0 1 18654.dat
1 4 320.073131 280.000000 919.936586 1 0 0 0 1 0 0 0 1 18654.dat
1 4 -0.075083 300.000000 680.012435 1 0 0 0 1 0 0 0 1 18654.dat
1 4 159.999112 300.000000 679.944285 1 0 0 0 1 0 0 0 1 18654.dat
1 4 320.043577 300.000000 680.000383 1 0 0 0 1 0 0 0 1 18654.dat
1 4 480.102569 300.000000 679.991890 1 0 0 0 1 0 0 0 1 18654.dat
1 4 640.097391 300.000000 680.150411 1 0 0 0 1 0 0 0 1 18654.dat
1 4 320.073131 300.000000 919.936586 1 0 0 0 1 0 0 0 1 18654.dat
1 4 -0.075083 320.000000 680.012435 1 0 0 0 1 0 0 0 1 18654.dat
1 4 159.999112 320.000000 679.944285 1 0 0 0 1 0 0 0 1 18654.dat
1 4 320.043577 320.000000 680.000383 1 0 0 0 1 0 0 0 1 18654.dat
1 4 480.102569 320.000000 679.991890 1 0 0 0 1 0 0 0 1 18654.dat
1 4 640.097391 320.000000 680.150411 1 0 0 0 1 0 0 0 1 18654.dat
1 4 320.073131 320.000000 919.936586 1 0 0 0 1 0 0 0 1 18654.dat
1 4 -0.075083 340.000000 680.012435 1 0 0 0 1 0 0 0 1 18654.dat
1 4 159.999112 340.000000 679.944285 1 0 0 0 1 0 0 0 1 18654.dat
1 4 320.043577 340.000000 680.000383 1 0 0 0 1 0 0 0 1 18654.dat
1 4 480.102569 340.000000 679.991890 1 0 0 0 1 0 0 0 1 18654.dat
1 4 640.097391 340.000000 680.150411 1 0 0 0 1 0 0 0 1 18654.dat
1 4 320.073131 340.000000 919.936586 1 0 0 0 1 0 0 0 1 18654.dat
1 4 -0.075083 360.000000 680.012435 1 0 0 0 1 0 0 0 1 18654.dat
1 4 159.999112 360.000000 679.944285 1 0 0 0 1 0 0 0 1 18654.dat
1 4 320.043577 360.000000 680.000383 1 0 0 0 1 0 0 0 1 18654.dat
1 4 480.102569 360.000000 679.991890 1 0 0 0 1 0 0 0 1 18654.dat
1 4 640.097391 360.000000 680.150411 1 0 0 0 1 0 0 0 1 18654.dat
1 4 320.073131 360.000000 919.936586 1 0 0 0 1 0 0 0 1 18654.dat
1 4 -0.075083 380.000000 680.012435 1 0 0 0 1 0 0 0 1 18654.dat
1 4 159.999112 380.000000 679.944285 1 0 0 0 1 0 0 0 1 18654.dat
1 4 320.043577 380.000000 680.000383 1 0 0 0 1 0 0 0 1 18654.dat
1 4 480.102569 380.000000 679.991890 1 0 0 0 1 0 0 0 1 18654.dat
1 4 640.097391 380.000000 680.150411 1 0 0 0 1 0 0 0 1 18654.dat
1 4 320.073131 380.000000 919.936586 1 0 0 0 1 0 0 0 1 18654.dat
1 4 -0.075083 400.000000 680.012435 1 0 0 0 1 0 0 0 1 18654.dat
1 4 159.999112 400.000000 679.944285 1 0 0 0 1 0 0 0 1 18654.dat
1 4 320.043577 400.000000 680.000383 1 0 0 0 1 0 0 0 1 18654.dat
1 4 480.102569 400.000000 679.991890 1 0 0 0 1 0 0 0 1 18654.dat
1 4 640.097391 400.000000 680.150411 1 0 0 0 1 0 0 0 1 18654.dat
1 4 320.073131 400.000000 919.936586 1 0 0 0 1 0 0 0 1 18654.dat
1 4 -0.075083 420.000000 680.012435 1 0 0 0 1 0 0 0 1 18654.dat
1 4 159.999112 420.000000 679.944285 1 0 0 0 1 0 0 0 1 18654.dat
1 4 320.043577 420.000000 680.000383 1 0 0 0 1 0 0 0 1 18654.dat
1 4 480.102569 420.000000 679.991890 1 0 0 0 1 0 0 0 1 18654.dat
1 4 640.097391 420.000000 680.150411 1 0 0 0 1 0 0 0 1 18654.dat
1 4 320.073131 420.000000 919.936586 1 0 0 0 1 0 0 0 1 18654.dat
1 4 -0.075083 440.000000 680.012435 1 0 0 0 1 0 0 0 1 18654.dat
1 4 159.999112 440.000000 679.944285 1 0 0 0 1 0 0 0 1 18654.dat
1 4 320.043577 440.000000 680.000383 1 0 0 0 1 0 0 0 1 18654.dat
1 4 480.102569 440.000000 679.991890 1 0 0 0 1 0 0 0 1 18654.dat
1 4 640.097391 440.000000 680.150411 1 0 0 0 1 0 0 0 1 18654.dat
1 4 320.073131 440.000000 919.936586 1 0 0 0 1 0 0 0 1 18654.dat
1 4 -0.075083 460.000000 680.012435 1 0 0 0 1 0 0 0 1 18654.dat
1 4 159.999112 460.000000 679.944285 1 0 0 0 1 0 0 0 1 18654.dat
1 4 320.043577 460.000000 680.000383 1 0 0 0 1 0 0 0 1 18654.dat
1 4 480.102569 460.000000 679.991890 1 0 0 0 1 0 0 0 1 18654.dat
1 4 640.097391 460.000000 680.150411 1 0 0 0 1 0 0 0 1 18654.dat
1 4 320.073131 460.000000 919.936586 1 0 0 0 1 0 0 0 1 18654.dat
1 4 -0.075083 480.000000 680.012435 1 0 0 0 1 0 0 0 1 18654.dat
1 4 159.999112 480.000000 679.944285 1 0 0 0 1 0 0 0 1 18654.dat
1 4 320.043577 480.000000 680.000383 1 0 0 0 1 0 0 0 1 18654.dat
1 4 480.102569 480.000000 679.991890 1 0 0 0 1 0 0 0 1 18654.dat
1 4 640.097391 480.000000 680.150411 1 0 0 0 1 0 0 0 1 18654.dat
1 4 320.073131 480.000000 919.936586 1 0 0 0 1 0 0 0 1 18654.dat
1 4 -0.075083 500.000000 680.012435 1 0 0 0 1 0 0 0 1 18654.dat
1 4 159.999112 500.000000 679.944285 1 0 0 0 1 0 0 0 1 18654.dat
1 4 320.043577 500.000000 680.000383 1 0 0 0 1 0 0 0 1 18654.dat
1 4 480.102569 500.000000 679.991890 1 0 0 0 1 0 0 0 1 18654.dat
1 4 640.097391 500.000000 680.150411 1 0 0 0 1 0 0 0 1 18654.dat
1 4 320.073131 500.000000 919.936586 1 0 0 0 1 0 0 0 1 18654.dat
1 4 -0.075083 520.000000 680.012435 1 0 0 0 1 0 0 0 1 18654.dat
1 4 159.999112 520.000000 679.944285 1 0 0 0 1 0 0 0 1 18654.dat
1 4 320.043577 520.000000 680.000383 1 0 0 0 1 0 0 0 1 18654.dat
1 4 480.102569 520.000000 679.991890 1 0 0 0 1 0 0 0 1 18654.dat
1 4 640.097391 520.000000 680.150411 1 0 0 0 1 0 0 0 1 18654.dat
1 4 320.073131 520.000000 919.936586 1 0 0 0 1 0 0 0 1 18654.dat
1 4 -0.075083 540.000000 680.012435 1 0 0 0 1 0 0 0 1 18654.dat
1 4 159.999112 540.000000 679.944285 1 0 0 0 1 0 0 0 1 18654.dat
1 4 320.043577 540.000000 680.000383 1 0 0 0 1 0 0 0 1 18654.dat
1 4 480.102569 540.000000 679.991890 1 0 0 0 1 0 0 0 1 18654.dat
1 4 640.097391 540.000000 680.150411 1 0 0 0 1 0 0 0 1 18654.dat
1 4 320.073131 540.000000 919.936586 1 0 0 0 1 0 0 0 1 18654.dat
1 4 -0.075083 560.000000 680.012435 1 0 0 0 1 0 0 0 1 18654.dat
1 4 159.999112 560.000000 679.944285 1 0 0 0 1 0 0 0 1 18654.dat
1 4 320.043577 560.000000 680.000383 1 0 0 0 1 0 0 0 1 18654.dat
1 4 480.102569 560.000000 679.991890 1 0 0 0 1 0 0 0 1 18654.dat
1 4 640.097391 560.000000 680.150411 1 0 0 0 1 0 0 0 1 18654.dat
1 4 320.073131 560.000000 919.936586 1 0 0 0 1 0 0 0 1 18654.dat
1 4 -0.075083 580.000000 680.012435 1 0 0 0 1 0 0 0 1 18654.dat
1 4 159.999112 580.000000 679.944285 1 0 0 0 1 0 0 0 1 18654.dat
1 4 320.043577 580.000000 680.000383 1 0 0 0 1 0 0 0 1 18654.dat
1 4 480.102569 580.000000 679.991890 1 0 0 0 1 0 0 0 1 18654.dat
1 4 640.097391 580.000000 680.150411 1 0 0 0 1 0 0 0 1 18654.dat
1 4 320.073131 580.000000 919.936586 1 0 0 0 1 0 0 0 1 18654.dat
1 4 -0.075083 600.000000 680.012435 1 0 0 0 1 0 0 0 1 18654.dat
1 4 19.934191 600.000000 680.003916 1 0 0 0 1 0 0 0 1 18654.dat
1 4 39.943466 600.000000 679.995397 1 0 0 0 1 0 0 0 1 18654.dat
1 4 59.952740 600.000000 679.986879 1 0 0 0 1 0 0 0 1 18654.dat
1 4 79.962014 600.000000 679.978360 1 0 0 0 1 0 0 0 1 18654.dat
1 4 99.971289 600.000000 679.969841 1 0 0 0 1 0 0 0 1 18654.dat
1 4 119.980563 600.000000 679.961322 1 0 0 0 1 0 0 0 1 18654.dat
1 4 139.989837 600.000000 679.952804 1 0 0 0 1 0 0 0 1 18654.dat
1 4 159.999112 600.000000 679.944285 1 0 0 0 1 0 0 0 1 18654.dat
1 4 180.004670 600.000000 679.951297 1 0 0 0 1 0 0 0 1 18654.dat
1 4 200.010228 600.000000 679.958310 1 0 0 0 1 0 0 0 1 18654.dat
1 4 220.015786 600.000000 679.965322 1 0 0 0 1 0 0 0 1 18654.dat
1 4 240.021344 600.000000 679.972334 1 0 0 0 1 0 0 0 1 18654.dat
1 4 260.026902 600.000000 679.979347 1 0 0 0 1 0 0 0 1 18654.dat
1 4 280.032460 600.000000 679.986359 1 0 0 0 1 0 0 0 1 18654.dat
1 4 300.038018 600.000000 679.993371 1 0 0 0 1 0 0 0 1 18654.dat
1 4 320.043577 600.000000 680.000383 1 0 0 0 1 0 0 0 1 18654.dat
1 4 340.050951 600.000000 679.999322 1 0 0 0 1 0 0 0 1 18654.dat
1 4 360.058325 600.000000 679.998260 1 0 0 0 1 0 0 0 1 18654.dat
1 4 380.065699 600.000000 679.997199 1 0 0 0 1 0 0 0 1 18654.dat
1 4 400.073073 600.000000 679.996137 1 0 0 0 1 0 0 0 1 18654.dat
1 4 420.080447 600.000000 679.995075 1 0 0 0 1 0 0 0 1 18654.dat
1 4 440.087821 600.000000 679.994014 1 0 0 0 1 0 0 0 1 18654.dat
1 4 460.095195 600.000000 679.992952 1 0 0 0 1 0 0 0 1 18654.dat
1 4 480.102569 600.000000 679.991890 1 0 0 0 1 0 0 0 1 18654.dat
1 4 500.101922 600.000000 680.011706 1 0 0 0 1 0 0 0 1 18654.dat
1 4 520.101275 600.000000 680.031521 1 0 0 0 1 0 0 0 1 18654.dat
1 4 540.100627 600.000000 680.051336 1 0 0 0 1 0 0 0 1 18654.dat
1 4 560.099980 600.000000 680.071151 1 0 0 0 1 0 0 0 1 18654.dat
1 4 580.099333 600.000000 680.090966 1 0 0 0 1 0 0 0 1 18654.dat
1 4 600.098685 600.000000 680.110781 1 0 0 0 1 0 0 0 1 18654.dat
1 4 620.098038 600.000000 680.130596 1 0 0 0 1 0 0 0 1 18654.dat
1 4 640.097391 600.000000 680.150411 1 0 0 0 1 0 0 0 1 18654.dat
1 4 159.998368 600.000000 699.961111 1 0 0 0 1 0 0 0 1 18654.dat
1 4 159.997625 600.000000 719.977938 1 0 0 0 1 0 0 0 1 18654.dat
1 4 159.996882 600.000000 739.994764 1 0 0 0 1 0 0 0 1 18654.dat
1 4 159.996139 600.000000 760.011590 1 0 0 0 1 0 0 0 1 18654.dat
1 4 159.995395 600.000000 780.028416 1 0 0 0 1 0 0 0 1 18654.dat
1 4 159.994652 600.000000 800.045243 1 0 0 0 1 0 0 0 1 18654.dat
1 4 175.999545 600.000000 788.040757 1 0 0 0 1 0 0 0 1 18654.dat
1 4 192.004437 600.000000 776.036271 1 0 0 0 1 0 0 0 1 18654.dat
1 4 208.009329 600.000000 764.031785 1 0 0 0 1 0 0 0 1 18654.dat
1 4 224.014222 600.000000 752.027299 1 0 0 0 1 0 0 0 1 18654.dat
1 4 240.019114 600.000000 740.022813 1 0 0 0 1 0 0 0 1 18654.dat
1 4 256.024007 600.000000 728.018327 1 0 0 0 1 0 0 0 1 18654.dat
1 4 272.028899 600.000000 716.013841 1 0 0 0 1 0 0 0 1 18654.dat
1 4 288.033792 600.000000 704.009355 1 0 0 0 1 0 0 0 1 18654.dat
1 4 304.038684 600.000000 692.004869 1 0 0 0 1 0 0 0 1 18654.dat
1 4 336.039438 600.000000 691.998912 1 0 0 0 1 0 0 0 1 18654.dat
1 4 352.035300 600.000000 703.997441 1 0 0 0 1 0 0 0 1 18654.dat
1 4 368.031162 600.000000 715.995970 1 0 0 0 1 0 0 0 1 18654.dat
1 4 384.027023 600.000000 727.994499 1 0 0 0 1 0 0 0 1 18654.dat
1 4 400.022885 600.000000 739.993028 1 0 0 0 1 0 0 0 1 18654.dat
1 4 416.018747 600.000000 751.991557 1 0 0 0 1 0 0 0 1 18654.dat
1 4 432.014609 600.000000 763.990086 1 0 0 0 1 0 0 0 1 18654.dat
1 4 448.010470 600.000000 775.988615 1 0 0 0 1 0 0 0 1 18654.dat
1 4 464.006332 600.000000 787.987144 1 0 0 0 1 0 0 0 1 18654.dat
1 4 480.002194 600.000000 799.985673 1 0 0 0 1 0 0 0 1 18654.dat
1 4 480.018923 600.000000 779.986709 1 0 0 0 1 0 0 0 1 18654.dat
1 4 480.035652 600.000000 759.987745 1 0 0 0 1 0 0 0 1 18654.dat
1 4 480.052382 600.000000 739.988782 1 0 0 0 1 0 0 0 1 18654.dat
1 4 480.069111 600.000000 719.989818 1 0 0 0 1 0 0 0 1 18654.dat
1 4 480.085840 600.000000 699.990854 1 0 0 0 1 0 0 0 1 18654.dat
1 4 320.046039 600.000000 699.995067 1 0 0 0 1 0 0 0 1 18654.dat
1 4 320.048502 600.000000 719.989751 1 0 0 0 1 0 0 0 1 18654.dat
1 4 320.050965 600.000000 739.984434 1 0 0 0 1 0 0 0 1 18654.dat
1 4 320.053428 600.000000 759.979118 1 0 0 0 1 0 0 0 1 18654.dat
1 4 320.055891 600.000000 779.973801 1 0 0 0 1 0 0 0 1 18654.dat
1 4 320.058354 600.000000 799.968485 1 0 0 0 1 0 0 0 1 18654.dat
1 4 320.060817 600.000000 819.963168 1 0 0 0 1 0 0 0 1 18654.dat
1 4 320.063280 600.000000 839.957852 1 0 0 0 1 0 0 0 1 18654.dat
1 4 320.065742 600.000000 859.952536 1 0 0 0 1 0 0 0 1 18654.dat
1 4 320.068205 600.000000 879.947219 1 0 0 0 1 0 0 0 1 18654.dat
1 4 320.070668 600.000000 899.941903 1 0 0 0 1 0 0 0 1 18654.dat
1 4 320.073131 600.000000 919.936586 1 0 0 0 1 0 0 0 1 18654.dat
1 4 15.931890 600.000000 692.015716 1 0 0 0 1 0 0 0 1 18654.dat
1 4 31.938864 600.000000 704.018996 1 0 0 0 1 0 0 0 1 18654.dat
1 4 47.945837 600.000000 716.022277 1 0 0 0 1 0 0 0 1 18654.dat
1 4 63.952811 600.000000 728.025558 1 0 0 0 1 0 0 0 1 18654.dat
1 4 79.959785 600.000000 740.028839 1 0 0 0 1 0 0 0 1 18654.dat
1 4 95.966758 600.000000 752.032120 1 0 0 0 1 0 0 0 1 18654.dat
1 4 111.973732 600.000000 764.035400 1 0 0 0 1 0 0 0 1 18654.dat
1 4 127.980705 600.000000 776.038681 1 0 0 0 1 0 0 0 1 18654.dat
1 4 143.987679 600.000000 788.041962 1 0 0 0 1 0 0 0 1 18654.dat
1 4 176.002500 600.000000 812.034377 1 0 0 0 1 0 0 0 1 18654.dat
1 4 192.010348 600.000000 824.023511 1 0 0 0 1 0 0 0 1 18654.dat
1 4 208.018196 600.000000 836.012646 1 0 0 0 1 0 0 0 1 18654.dat
1 4 224.026044 600.000000 848.001780 1 0 0 0 1 0 0 0 1 18654.dat
1 4 240.033892 600.000000 859.990915 1 0 0 0 1 0 0 0 1 18654.dat
1 4 256.041740 600.000000 871.980049 1 0 0 0 1 0 0 0 1 18654.dat
1 4 272.049587 600.000000 883.969183 1 0 0 0 1 0 0 0 1 18654.dat
1 4 288.057435 600.000000 895.958318 1 0 0 0 1 0 0 0 1 18654.dat
1 4 304.065283 600.000000 907.947452 1 0 0 0 1 0 0 0 1 18654.dat
1 4 336.066037 600.000000 907.941495 1 0 0 0 1 0 0 0 1 18654.dat
1 4 352.058944 600.000000 895.946404 1 0 0 0 1 0 0 0 1 18654.dat
1 4 368.051850 600.000000 883.951312 1 0 0 0 1 0 0 0 1 18654.dat
1 4 384.044756 600.000000 871.956221 1 0 0 0 1 0 0 0 1 18654.dat
1 4 400.037662 600.000000 859.961130 1 0 0 0 1 0 0 0 1 18654.dat
1 4 416.030569 600.000000 847.966038 1 0 0 0 1 0 0 0 1 18654.dat
1 4 432.023475 600.000000 835.970947 1 0 0 0 1 0 0 0 1 18654.dat
1 4 448.016381 600.000000 823.975855 1 0 0 0 1 0 0 0 1 18654.dat
1 4 464.009287 600.000000 811.980764 1 0 0 0 1 0 0 0 1 18654.dat
1 4 496.011713 600.000000 788.002147 1 0 0 0 1 0 0 0 1 18654.dat
1 4 512.021233 600.000000 776.018620 1 0 0 0 1 0 0 0 1 18654.dat
1 4 528.030753 600.000000 764.035094 1 0 0 0 1 0 0 0 1 18654.dat
1 4 544.040273 600.000000 752.051568 1 0 0 0 1 0 0 0 1 18654.dat
1 4 560.049792 600.000000 740.068042 1 0 0 0 1 0 0 0 1 18654.dat
1 4 576.059312 600.000000 728.084516 1 0 0 0 1 0 0 0 1 18654.dat
1 4 592.068832 600.000000 716.100990 1 0 0 0 1 0 0 0 1 18654.dat
1 4 608.078351 600.000000 704.117464 1 0 0 0 1 0 0 0 1 18654.dat
1 4 624.087871 600.000000 692.133938 1 0 0 0 1 0 0 0 1 18654.dat
1 4 0.097760 600.000000 0.047002 1 0 0 0 1 0 0 0 1 18654.dat
1 4 0.092676 600.000000 20.045985 1 0 0 0 1 0 0 0 1 18654.dat
1 4 0.087592 600.000000 40.044969 1 0 0 0 1 0 0 0 1 18654.dat
1 4 0.082509 600.000000 60.043952 1 0 0 0 1 0 0 0 1 18654.dat
1 4 0.077425 600.000000 80.042935 1 0 0 0 1 0 0 0 1 18654.dat
1 4 0.072342 600.000000 100.041919 1 0 0 0 1 0 0 0 1 18654.dat
1 4 0.067258 600.000000 120.040902 1 0 0 0 1 0 0 0 1 18654.dat
1 4 0.062174 600.000000 140.039885 1 0 0 0 1 0 0 0 1 18654.dat
1 4 0.057091 600.000000 160.038869 1 0 0 0 1 0 0 0 1 18654.dat
1 4 0.052007 600.000000 180.037852 1 0 0 0 1 0 0 0 1 18654.dat
1 4 0.046923 600.000000 200.036835 1 0 0 0 1 0 0 0 1 18654.dat
1 4 0.041840 600.000000 220.035819 1 0 0 0 1 0 0 0 1 18654.dat
1 4 0.036756 600.000000 240.034802 1 0 0 0 1 0 0 0 1 18654.dat
1 4 0.031673 600.000000 260.033785 1 0 0 0 1 0 0 0 1 18654.dat
1 4 0.026589 600.000000 280.032769 1 0 0 0 1 0 0 0 1 18654.dat
1 4 0.021505 600.000000 300.031752 1 0 0 0 1 0 0 0 1 18654.dat
1 4 0.016422 600.000000 320.030735 1 0 0 0 1 0 0 0 1 18654.dat
1 4 0.011338 600.000000 340.029718 1 0 0 0 1 0 0 0 1 18654.dat
1 4 0.006255 600.000000 360.028702 1 0 0 0 1 0 0 0 1 18654.dat
1 4 0.001171 600.000000 380.027685 1 0 0 0 1 0 0 0 1 18654.dat
1 4 -0.003913 600.000000 400.026668 1 0 0 0 1 0 0 0 1 18654.dat
1 4 -0.008996 600.000000 420.025652 1 0 0 0 1 0 0 0 1 18654.dat
1 4 -0.014080 600.000000 440.024635 1 0 0 0 1 0 0 0 1 18654.dat
1 4 -0.019163 600.000000 460.023618 1 0 0 0 1 0 0 0 1 18654.dat
1 4 -0.024247 600.000000 480.022602 1 0 0 0 1 0 0 0 1 18654.dat
1 4 -0.029331 600.000000 500.021585 1 0 0 0 1 0 0 0 1 18654.dat
1 4 -0.034414 600.000000 520.020568 1 0 0 0 1 0 0 0 1 18654.dat
1 4 -0.039498 600.000000 540.019552 1 0 0 0 1 0 0 0 1 18654.dat
1 4 -0.044581 600.000000 560.018535 1 0 0 0 1 0 0 0 1 18654.dat
1 4 -0.049665 600.000000 580.017518 1 0 0 0 1 0 0 0 1 18654.dat
1 4 -0.054749 600.000000 600.016502 1 0 0 0 1 0 0 0 1 18654.dat
1 4 -0.059832 600.000000 620.015485 1 0 0 0 1 0 0 0 1 18654.dat
1 4 -0.064916 600.000000 640.014468 1 0 0 0 1 0 0 0 1 18654.dat
1 4 -0.070000 600.000000 660.013451 1 0 0 0 1 0 0 0 1 18654.dat
1 4 639.830211 600.000000 0.111999 1 0 0 0 1 0 0 0 1 18654.dat
1 4 639.838069 600.000000 20.113129 1 0 0 0 1 0 0 0 1 18654.dat
1 4 639.845927 600.000000 40.114258 1 0 0 0 1 0 0 0 1 18654.dat
1 4 639.853785 600.000000 60.115388 1 0 0 0 1 0 0 0 1 18654.dat
1 4 639.861644 600.000000 80.116518 1 0 0 0 1 0 0 0 1 18654.dat
1 4 639.869502 600.000000 100.117648 1 0 0 0 1 0 0 0 1 18654.dat
1 4 639.877360 600.000000 120.118777 1 0 0 0 1 0 0 0 1 18654.dat
1 4 639.885218 600.000000 140.119907 1 0 0 0 1 0 0 0 1 18654.dat
1 4 639.893077 600.000000 160.121037 1 0 0 0 1 0 0 0 1 18654.dat
1 4 639.900935 600.000000 180.122167 1 0 0 0 1 0 0 0 1 18654.dat
1 4 639.908793 600.000000 200.123297 1 0 0 0 1 0 0 0 1 18654.dat
1 4 639.916651 600.000000 220.124426 1 0 0 0 1 0 0 0 1 18654.dat
1 4 639.924509 600.000000 240.125556 1 0 0 0 1 0 0 0 1 18654.dat
1 4 639.932368 600.000000 260.126686 1 0 0 0 1 0 0 0 1 18654.dat
1 4 639.940226 600.000000 280.127816 1 0 0 0 1 0 0 0 1 18654.dat
1 4 639.948084 600.000000 300.128946 1 0 0 0 1 0 0 0 1 18654.dat
1 4 639.955942 600.000000 320.130075 1 0 0 0 1 0 0 0 1 18654.dat
1 4 639.963801 600.000000 340.131205 1 0 0 0 1 0 0 0 1 18654.dat
1 4 639.971659 600.000000 360.132335 1 0 0 0 1 0 0 0 1 18654.dat
1 4 639.979517 600.000000 380.133465 1 0 0 0 1 0 0 0 1 18654.dat
1 4 639.987375 600.000000 400.134594 1 0 0 0 1 0 0 0 1 18654.dat
1 4 639.995234 600.000000 420.135724 1 0 0 0 1 0 0 0 1 18654.dat
1 4 640.003092 600.000000 440.136854 1 0 0 0 1 0 0 0 1 18654.dat
1 4 640.010950 600.000000 460.137984 1 0 0 0 1 0 0 0 1 18654.dat
1 4 640.018808 600.000000 480.139114 1 0 0 0 1 0 0 0 1 18654.dat
1 4 640.026667 600.000000 500.140243 1 0 0 0 1 0 0 0 1 18654.dat
1 4 640.034525 600.000000 520.141373 1 0 0 0 1 0 0 0 1 18654.dat
1 4 640.042383 600.000000 540.142503 1 0 0 0 1 0 0 0 1 18654.dat
1 4 640.050241 600.000000 560.143633 1 0 0 0 1 0 0 0 1 18654.dat
1 4 640.058100 600.000000 580.144762 1 0 0 0 1 0 0 0 1 18654.dat
1 4 640.065958 600.000000 600.145892 1 0 0 0 1 0 0 0 1 18654.dat
1 4 640.073816 600.000000 620.147022 1 0 0 0 1 0 0 0 1 18654.dat
1 4 640.081674 600.000000 640.148152 1 0 0 0 1 0 0 0 1 18654.dat
1 4 640.089532 600.000000 660.149282 1 0 0 0 1 0 0 0 1 18654.dat

