0 FILE 10018 - main.ldr
0 main
0 Name: 10018 - main.ldr
0 Author: Faramond Florent [Makou]
0 !LDRAW_ORG Model
0 !LICENSE Redistributable under CCAL version 2.0 : see CAreadme.txt

0 !THEME Star Wars / Ultimate Collector Series / Sculptures
0 !KEYWORDS Darh Maul, Star Wars

1 0 -30 0 170 1 0 0 0 1 0 0 0 1 2445.dat
1 0 -30 0 -30 1 0 0 0 1 0 0 0 1 2445.dat
1 0 -30 -8 150 1 0 0 0 1 0 0 0 1 3795.dat
1 0 -30 -8 -10 1 0 0 0 1 0 0 0 1 3795.dat
1 0 -110 -8 70 0 0 1 0 1 0 -1 0 0 3832.dat
1 0 50 -8 70 0 0 1 0 1 0 -1 0 0 3832.dat
1 0 -30 -16 70 0 0 1 0 1 0 -1 0 0 41539.dat
1 0 -30 -160 70 0 0 1 0 1 0 -1 0 0 30562.dat
1 0 -30 -160 70 -1 0 0 0 1 0 0 0 -1 30562.dat
1 0 -30 -160 70 0 0 -1 0 1 0 1 0 0 30562.dat
1 0 -30 -160 70 1 0 0 0 1 0 0 0 1 30562.dat
1 1 -30 -88 70 0 0 1 0 1 0 -1 0 0 30145.dat
1 1 -30 -160 70 0 0 1 0 1 0 -1 0 0 30145.dat
1 0 -130 0 70 0 0 1 0 1 0 -1 0 0 3034.dat
1 0 -30 0 70 0 0 1 0 1 0 -1 0 0 3034.dat
1 0 70 0 70 0 0 1 0 1 0 -1 0 0 3034.dat
1 0 -50 -16 -150 0 0 1 0 1 0 -1 0 0 3001.dat
1 0 -30 -40 -150 -1 0 0 0 1 0 0 0 -1 3001.dat
1 0 -30 -40 -110 -1 0 0 0 1 0 0 0 -1 3001.dat
1 0 -10 -16 -150 0 0 1 0 1 0 -1 0 0 3001.dat
1 0 -60 -40 -180 0 0 1 0 1 0 -1 0 0 3005.dat
1 0 0 -40 -180 0 0 1 0 1 0 -1 0 0 3005.dat
1 0 -30 -64 -130 0 0 1 0 1 0 -1 0 0 3001.dat
1 0 -70 -64 -120 0 0 1 0 1 0 -1 0 0 3002.dat
1 0 10 -64 -120 0 0 1 0 1 0 -1 0 0 3002.dat
1 0 0 -64 -160 0 0 1 0 1 0 -1 0 0 2357.dat
1 0 -60 -64 -160 -1 0 0 0 1 0 0 0 -1 2357.dat
1 0 -60 -88 -180 -1 0 0 0 1 0 0 0 -1 3005.dat
1 0 0 -88 -180 -1 0 0 0 1 0 0 0 -1 3005.dat
1 0 -30 -88 -150 -1 0 0 0 1 0 0 0 -1 3007.dat
1 0 -30 -88 -110 -1 0 0 0 1 0 0 0 -1 3007.dat
1 0 -60 -112 -160 -1 0 0 0 1 0 0 0 -1 2357.dat
1 0 0 -112 -160 0 0 1 0 1 0 -1 0 0 2357.dat
1 0 -70 -112 -80 0 0 1 0 1 0 -1 0 0 3002.dat
1 0 10 -112 -80 0 0 1 0 1 0 -1 0 0 3002.dat
1 0 -110 -112 -110 0 0 1 0 1 0 -1 0 0 2456.dat
1 0 -30 -112 -110 0 0 1 0 1 0 -1 0 0 2456.dat
1 0 50 -112 -110 0 0 1 0 1 0 -1 0 0 2456.dat
1 0 -60 -136 -170 0 0 1 0 1 0 -1 0 0 3004.dat
1 0 0 -136 -170 0 0 1 0 1 0 -1 0 0 3004.dat
1 0 -110 -112 -110 0 0 1 0 1 0 -1 0 0 2456.dat
1 0 -110 -136 -160 -1 0 0 0 1 0 0 0 -1 3010.dat
1 0 50 -136 -160 -1 0 0 0 1 0 0 0 -1 3010.dat
1 0 -30 -136 -140 -1 0 0 0 1 0 0 0 -1 6112.dat
1 0 -130 -136 -110 -1 0 0 0 1 0 0 0 -1 3003.dat
1 0 70 -136 -110 -1 0 0 0 1 0 0 0 -1 3003.dat
1 0 -90 -136 -70 -1 0 0 0 1 0 0 0 -1 2456.dat
1 0 30 -136 -70 -1 0 0 0 1 0 0 0 -1 2456.dat
1 0 -60 -160 -160 0 0 -1 0 1 0 1 0 0 3622.dat
1 0 0 -160 -160 0 0 -1 0 1 0 1 0 0 3622.dat
1 0 -30 -160 -110 0 0 -1 0 1 0 1 0 0 3001.dat
1 0 -30 -160 -40 0 0 -1 0 1 0 1 0 0 3002.dat
1 0 -90 -160 -150 0 0 -1 0 1 0 1 0 0 3003.dat
1 0 30 -160 -150 0 0 -1 0 1 0 1 0 0 3003.dat
1 0 -140 -160 -130 1 0 0 0 1 0 0 0 1 3002.dat
1 0 80 -160 -130 1 0 0 0 1 0 0 0 1 3002.dat
1 0 -150 -160 -30 0 0 1 0 1 0 -1 0 0 3007.dat
1 0 90 -160 -30 0 0 1 0 1 0 -1 0 0 3007.dat
1 0 -30 -184 150 -1 0 0 0 1 0 0 0 -1 6212.dat
1 0 -30 -184 70 -1 0 0 0 1 0 0 0 -1 30400.dat
1 0 -170 -184 -30 0 0 -1 0 1 0 1 0 0 2356.dat
1 0 110 -184 -30 0 0 -1 0 1 0 1 0 0 2356.dat
1 0 -30 -184 -30 0 0 -1 0 1 0 1 0 0 2456.dat
1 0 -30 -184 -120 0 0 -1 0 1 0 1 0 0 3002.dat
1 0 -70 -184 -150 0 0 -1 0 1 0 1 0 0 3003.dat
1 0 10 -184 -150 0 0 -1 0 1 0 1 0 0 3003.dat
1 0 -120 -184 -130 1 0 0 0 1 0 0 0 1 3002.dat
1 0 -180 -184 -110 1 0 0 0 1 0 0 0 1 3002.dat
1 0 120 -184 -110 1 0 0 0 1 0 0 0 1 3002.dat
1 0 60 -184 -130 1 0 0 0 1 0 0 0 1 3002.dat
1 0 -30 -208 110 0 0 1 0 1 0 -1 0 0 30400.dat
1 0 -130 -208 210 -1 0 0 0 1 0 0 0 -1 2356.dat
1 0 70 -208 210 -1 0 0 0 1 0 0 0 -1 2356.dat
1 0 -150 -208 150 -1 0 0 0 1 0 0 0 -1 3007.dat
1 0 90 -208 150 -1 0 0 0 1 0 0 0 -1 3007.dat
1 0 -210 -208 30 0 0 -1 0 1 0 1 0 0 6212.dat
1 0 150 -208 30 0 0 -1 0 1 0 1 0 0 6212.dat
1 0 -190 -208 -90 1 0 0 0 1 0 0 0 1 2456.dat
1 0 130 -208 -90 1 0 0 0 1 0 0 0 1 2456.dat
1 0 -30 -208 -90 1 0 0 0 1 0 0 0 1 3003.dat
1 0 -170 -208 -120 1 0 0 0 1 0 0 0 1 3009.dat
1 0 110 -208 -120 1 0 0 0 1 0 0 0 1 3009.dat
1 0 -30 -208 -120 1 0 0 0 1 0 0 0 1 3010.dat
1 0 -90 -208 -140 1 0 0 0 1 0 0 0 1 3010.dat
1 0 30 -208 -140 1 0 0 0 1 0 0 0 1 3010.dat
1 0 -80 -208 -160 1 0 0 0 1 0 0 0 1 3005.dat
1 0 20 -208 -160 1 0 0 0 1 0 0 0 1 3005.dat
1 0 -190 -232 150 0 0 1 0 1 0 -1 0 0 3001.dat
1 0 130 -232 150 0 0 1 0 1 0 -1 0 0 3001.dat
1 0 -210 -232 200 -1 0 0 0 1 0 0 0 -1 3009.dat
1 0 150 -232 200 -1 0 0 0 1 0 0 0 -1 3009.dat
1 0 -170 -232 220 -1 0 0 0 1 0 0 0 -1 3008.dat
1 0 -130 -232 240 -1 0 0 0 1 0 0 0 -1 3008.dat
1 0 70 -232 240 -1 0 0 0 1 0 0 0 -1 3008.dat
1 0 -30 -232 260 -1 0 0 0 1 0 0 0 -1 6112.dat
1 0 -30 -232 280 -1 0 0 0 1 0 0 0 -1 3009.dat
1 0 -30 -232 170 -1 0 0 0 1 0 0 0 -1 3007.dat
1 0 -250 -232 90 0 0 -1 0 1 0 1 0 0 6212.dat
1 0 190 -232 90 0 0 -1 0 1 0 1 0 0 6212.dat
1 0 -250 -232 -30 1 0 0 0 1 0 0 0 1 3001.dat
1 0 -250 -232 -70 1 0 0 0 1 0 0 0 1 3001.dat
1 0 190 -232 -30 1 0 0 0 1 0 0 0 1 3001.dat
1 0 190 -232 -70 1 0 0 0 1 0 0 0 1 3001.dat
1 0 160 -232 -100 0 0 1 0 1 0 -1 0 0 2357.dat
1 0 -220 -232 -100 -1 0 0 0 1 0 0 0 -1 2357.dat
1 0 -170 -232 -110 -1 0 0 0 1 0 0 0 -1 3001.dat
1 0 110 -232 -110 -1 0 0 0 1 0 0 0 -1 3001.dat
1 0 30 -232 -130 -1 0 0 0 1 0 0 0 -1 3001.dat
1 0 -90 -232 -130 -1 0 0 0 1 0 0 0 -1 3001.dat
1 0 -30 -232 -80 0 0 -1 0 1 0 1 0 0 3002.dat
1 0 110 -232 220 -1 0 0 0 1 0 0 0 -1 3008.dat
1 0 -30 -256 270 -1 0 0 0 1 0 0 0 -1 3001.dat
1 0 -100 -256 250 -1 0 0 0 1 0 0 0 -1 3002.dat
1 0 -160 -256 230 -1 0 0 0 1 0 0 0 -1 3002.dat
1 0 100 -256 230 -1 0 0 0 1 0 0 0 -1 3002.dat
1 0 -210 -256 170 0 0 -1 0 1 0 1 0 0 2456.dat
1 0 150 -256 170 0 0 -1 0 1 0 1 0 0 2456.dat
1 0 -90 -256 170 0 0 -1 0 1 0 1 0 0 3003.dat
1 0 30 -256 170 0 0 -1 0 1 0 1 0 0 3003.dat
1 0 -240 -256 180 0 0 -1 0 1 0 1 0 0 3622.dat
1 0 180 -256 180 0 0 -1 0 1 0 1 0 0 3622.dat
1 0 220 -256 180 1 0 0 0 1 0 0 0 1 3622.dat
1 0 40 -256 250 -1 0 0 0 1 0 0 0 -1 3002.dat
1 0 -280 -256 180 -1 0 0 0 1 0 0 0 -1 3622.dat
1 0 -290 -256 160 -1 0 0 0 1 0 0 0 -1 3010.dat
1 0 230 -256 160 -1 0 0 0 1 0 0 0 -1 3010.dat
1 0 -310 -256 50 0 0 -1 0 1 0 1 0 0 6212.dat
1 0 250 -256 50 0 0 -1 0 1 0 1 0 0 6212.dat
1 0 -290 -256 -60 1 0 0 0 1 0 0 0 1 3010.dat
1 0 230 -256 -60 1 0 0 0 1 0 0 0 1 3010.dat
1 0 -240 -256 -40 -1 0 0 0 1 0 0 0 -1 2357.dat
1 0 180 -256 -40 0 0 1 0 1 0 -1 0 0 2357.dat
1 0 -260 -256 -80 -1 0 0 0 1 0 0 0 -1 3622.dat
1 0 200 -256 -80 -1 0 0 0 1 0 0 0 -1 3622.dat
1 0 -200 -256 -90 -1 0 0 0 1 0 0 0 -1 3002.dat
1 0 140 -256 -90 -1 0 0 0 1 0 0 0 -1 3002.dat
1 0 -200 -256 -120 -1 0 0 0 1 0 0 0 -1 3622.dat
1 0 140 -256 -120 -1 0 0 0 1 0 0 0 -1 3622.dat
1 0 -110 -256 -110 -1 0 0 0 1 0 0 0 -1 2456.dat
1 0 50 -256 -110 -1 0 0 0 1 0 0 0 -1 2456.dat
1 0 -30 -256 -80 0 0 -1 0 1 0 1 0 0 3002.dat
1 0 -100 -256 -140 0 0 -1 0 1 0 1 0 0 3005.dat
1 0 40 -256 -140 0 0 -1 0 1 0 1 0 0 3005.dat
1 0 -30 -280 250 1 0 0 0 1 0 0 0 1 3007.dat
1 0 -140 -280 240 1 0 0 0 1 0 0 0 1 3622.dat
1 0 80 -280 240 1 0 0 0 1 0 0 0 1 3622.dat
1 0 -170 -280 220 1 0 0 0 1 0 0 0 1 3010.dat
1 0 110 -280 220 1 0 0 0 1 0 0 0 1 3010.dat
1 0 -200 -280 200 1 0 0 0 1 0 0 0 1 3622.dat
1 0 140 -280 200 1 0 0 0 1 0 0 0 1 3622.dat
1 0 -170 -280 170 1 0 0 0 1 0 0 0 1 3006.dat
1 0 110 -280 170 1 0 0 0 1 0 0 0 1 3006.dat
1 0 -290 -280 160 1 0 0 0 1 0 0 0 1 3004.dat
1 0 230 -280 160 1 0 0 0 1 0 0 0 1 3004.dat
1 0 -270 -280 140 1 0 0 0 1 0 0 0 1 3009.dat
1 0 210 -280 140 1 0 0 0 1 0 0 0 1 3009.dat
1 0 230 -280 120 1 0 0 0 1 0 0 0 1 3009.dat
1 0 -290 -280 120 1 0 0 0 1 0 0 0 1 3009.dat
1 0 -310 -280 90 1 0 0 0 1 0 0 0 1 3007.dat
1 0 250 -280 90 1 0 0 0 1 0 0 0 1 3007.dat
1 0 -350 -280 50 1 0 0 0 1 0 0 0 1 2456.dat
1 0 290 -280 50 1 0 0 0 1 0 0 0 1 2456.dat
1 0 -350 -280 10 1 0 0 0 1 0 0 0 1 3001.dat
1 0 290 -280 10 1 0 0 0 1 0 0 0 1 3001.dat
1 0 -330 -280 -20 1 0 0 0 1 0 0 0 1 3010.dat
1 0 270 -280 -20 1 0 0 0 1 0 0 0 1 3010.dat
1 0 -270 -280 -40 1 0 0 0 1 0 0 0 1 3009.dat
1 0 210 -280 -40 1 0 0 0 1 0 0 0 1 3009.dat
1 0 -260 -280 -60 1 0 0 0 1 0 0 0 1 3622.dat
1 0 200 -280 -60 1 0 0 0 1 0 0 0 1 3622.dat
1 0 -210 -280 -80 1 0 0 0 1 0 0 0 1 3010.dat
1 0 150 -280 -80 1 0 0 0 1 0 0 0 1 3010.dat
1 0 130 -280 -100 1 0 0 0 1 0 0 0 1 3010.dat
1 0 -190 -280 -100 1 0 0 0 1 0 0 0 1 3010.dat
1 0 -140 -280 -100 0 0 1 0 1 0 -1 0 0 2357.dat
1 0 80 -280 -100 -1 0 0 0 1 0 0 0 -1 2357.dat
1 0 -30 -280 -90 -1 0 0 0 1 0 0 0 -1 3007.dat
1 0 -100 -280 -120 -1 0 0 0 1 0 0 0 -1 2357.dat
1 0 40 -280 -120 0 0 1 0 1 0 -1 0 0 2357.dat
1 0 -70 -280 -120 -1 0 0 0 1 0 0 0 -1 3004.dat
1 0 10 -280 -120 -1 0 0 0 1 0 0 0 -1 3004.dat
1 0 -30 -304 260 -1 0 0 0 1 0 0 0 -1 3010.dat
1 0 -90 -304 230 -1 0 0 0 1 0 0 0 -1 2456.dat
1 0 30 -304 230 -1 0 0 0 1 0 0 0 -1 2456.dat
1 0 -170 -304 210 -1 0 0 0 1 0 0 0 -1 3003.dat
1 0 110 -304 210 -1 0 0 0 1 0 0 0 -1 3003.dat
1 0 -200 -304 200 -1 0 0 0 1 0 0 0 -1 3005.dat
1 0 140 -304 200 -1 0 0 0 1 0 0 0 -1 3005.dat
1 0 -190 -304 180 -1 0 0 0 1 0 0 0 -1 3009.dat
1 0 130 -304 180 -1 0 0 0 1 0 0 0 -1 3009.dat
1 0 150 -304 160 -1 0 0 0 1 0 0 0 -1 3009.dat
1 0 -210 -304 160 -1 0 0 0 1 0 0 0 -1 3009.dat
1 0 -250 -304 140 -1 0 0 0 1 0 0 0 -1 3009.dat
1 0 190 -304 140 -1 0 0 0 1 0 0 0 -1 3009.dat
1 0 -260 -304 120 -1 0 0 0 1 0 0 0 -1 3622.dat
1 0 200 -304 120 -1 0 0 0 1 0 0 0 -1 3622.dat
1 0 -300 -304 50 0 0 -1 0 1 0 1 0 0 3008.dat
1 0 240 -304 50 0 0 -1 0 1 0 1 0 0 3008.dat
1 0 -330 -304 70 0 0 -1 0 1 0 1 0 0 2456.dat
1 0 270 -304 70 0 0 -1 0 1 0 1 0 0 2456.dat
1 0 -360 -304 50 0 0 -1 0 1 0 1 0 0 3009.dat
1 0 300 -304 50 0 0 -1 0 1 0 1 0 0 3009.dat
1 0 -380 -304 50 0 0 -1 0 1 0 1 0 0 3004.dat
1 0 320 -304 50 0 0 -1 0 1 0 1 0 0 3004.dat
1 0 270 -304 0 1 0 0 0 1 0 0 0 1 3004.dat
1 0 -330 -304 0 1 0 0 0 1 0 0 0 1 3004.dat
1 0 -270 -304 30 0 0 1 0 1 0 -1 0 0 3007.dat
1 0 210 -304 30 0 0 1 0 1 0 -1 0 0 3007.dat
1 0 -220 -304 -50 -1 0 0 0 1 0 0 0 -1 3002.dat
1 0 160 -304 -50 -1 0 0 0 1 0 0 0 -1 3002.dat
1 0 -170 -304 -90 -1 0 0 0 1 0 0 0 -1 2456.dat
1 0 110 -304 -90 -1 0 0 0 1 0 0 0 -1 2456.dat
1 0 -80 -304 -80 -1 0 0 0 1 0 0 0 -1 2357.dat
1 0 20 -304 -80 0 0 1 0 1 0 -1 0 0 2357.dat
1 0 -30 -304 -110 -1 0 0 0 1 0 0 0 -1 3001.dat
1 0 -120 -304 -120 -1 0 0 0 1 0 0 0 -1 3005.dat
1 0 60 -304 -120 -1 0 0 0 1 0 0 0 -1 3005.dat
1 0 -30 -328 230 -1 0 0 0 1 0 0 0 -1 3001.dat
1 0 -30 -352 230 -1 0 0 0 1 0 0 0 -1 3001.dat
1 0 -90 -352 200 0 0 -1 0 1 0 1 0 0 3002.dat
1 0 30 -352 200 0 0 -1 0 1 0 1 0 0 3002.dat
1 0 -120 -352 190 0 0 -1 0 1 0 1 0 0 3004.dat
1 0 60 -352 190 0 0 -1 0 1 0 1 0 0 3004.dat
1 0 80 -352 50 0 0 -1 0 1 0 1 0 0 2465.dat
1 0 -140 -352 50 0 0 -1 0 1 0 1 0 0 2465.dat
1 0 -160 -352 160 0 0 -1 0 1 0 1 0 0 3622.dat
1 0 100 -352 160 0 0 -1 0 1 0 1 0 0 3622.dat
1 0 120 -352 50 0 0 -1 0 1 0 1 0 0 6112.dat
1 0 -180 -352 50 0 0 -1 0 1 0 1 0 0 6112.dat
1 0 -200 -352 120 0 0 -1 0 1 0 1 0 0 2357.dat
1 0 140 -352 120 1 0 0 0 1 0 0 0 1 2357.dat
1 0 170 -352 50 0 0 1 0 1 0 -1 0 0 2456.dat
1 0 -230 -352 50 0 0 1 0 1 0 -1 0 0 2456.dat
1 0 -260 -352 50 0 0 1 0 1 0 -1 0 0 3010.dat
1 0 200 -352 50 0 0 1 0 1 0 -1 0 0 3010.dat
1 0 -290 -352 50 0 0 1 0 1 0 -1 0 0 3003.dat
1 0 230 -352 50 0 0 1 0 1 0 -1 0 0 3003.dat
1 8 30 -328 240 -1 0 0 0 1 0 0 0 -1 3004pt6.dat
1 0 -90 -328 240 -1 0 0 0 1 0 0 0 -1 3004.dat
1 0 -110 -328 220 -1 0 0 0 1 0 0 0 -1 3010.dat
1 0 50 -328 220 -1 0 0 0 1 0 0 0 -1 3010.dat
1 0 -30 -328 200 -1 0 0 0 1 0 0 0 -1 2465.dat
1 0 -170 -328 180 -1 0 0 0 1 0 0 0 -1 3010.dat
1 0 110 -328 180 -1 0 0 0 1 0 0 0 -1 3010.dat
1 0 130 -328 160 -1 0 0 0 1 0 0 0 -1 3010.dat
1 0 -190 -328 160 -1 0 0 0 1 0 0 0 -1 3010.dat
1 0 -210 -328 50 0 0 -1 0 1 0 1 0 0 3006.dat
1 0 150 -328 50 0 0 -1 0 1 0 1 0 0 3006.dat
1 0 -240 -328 120 0 0 -1 0 1 0 1 0 0 2357.dat
1 0 180 -328 120 1 0 0 0 1 0 0 0 1 2357.dat
1 0 -270 -328 50 0 0 1 0 1 0 -1 0 0 2356.dat
1 0 210 -328 50 0 0 1 0 1 0 -1 0 0 2356.dat
1 0 -330 -328 50 0 0 1 0 1 0 -1 0 0 3001.dat
1 0 270 -328 50 0 0 1 0 1 0 -1 0 0 3001.dat
1 0 -240 -328 -20 -1 0 0 0 1 0 0 0 -1 2357.dat
1 0 180 -328 -20 0 0 1 0 1 0 -1 0 0 2357.dat
1 0 -150 -328 -70 -1 0 0 0 1 0 0 0 -1 3007.dat
1 0 90 -328 -70 -1 0 0 0 1 0 0 0 -1 3007.dat
1 0 -150 -328 -100 -1 0 0 0 1 0 0 0 -1 3004.dat
1 0 90 -328 -100 -1 0 0 0 1 0 0 0 -1 3004.dat
1 0 60 -328 -110 0 0 -1 0 1 0 1 0 0 3004.dat
1 0 -120 -328 -110 0 0 -1 0 1 0 1 0 0 3004.dat
1 0 -30 -328 -100 1 0 0 0 1 0 0 0 1 3009.dat
1 0 -30 -328 -120 1 0 0 0 1 0 0 0 1 3010.dat
1 0 -210 -352 -40 0 0 1 0 1 0 -1 0 0 3002.dat
1 0 150 -352 -40 0 0 1 0 1 0 -1 0 0 3002.dat
1 0 -160 -352 -60 0 0 1 0 1 0 -1 0 0 3622.dat
1 0 100 -352 -60 0 0 1 0 1 0 -1 0 0 3622.dat
1 0 -110 -352 -70 0 0 1 0 1 0 -1 0 0 3003.dat
1 0 50 -352 -70 0 0 1 0 1 0 -1 0 0 3003.dat
1 0 -80 -352 -100 1 0 0 0 1 0 0 0 1 2357.dat
1 0 20 -352 -100 0 0 -1 0 1 0 1 0 0 2357.dat
1 0 -30 -352 -110 0 0 -1 0 1 0 1 0 0 3003.dat
1 0 -30 -376 220 1 0 0 0 1 0 0 0 1 3010.dat
1 0 -30 -376 200 1 0 0 0 1 0 0 0 1 3008.dat
1 0 -30 -376 180 1 0 0 0 1 0 0 0 1 6112.dat
1 0 -30 -376 160 1 0 0 0 1 0 0 0 1 6112.dat
1 0 -150 -376 50 0 0 1 0 1 0 -1 0 0 3006.dat
1 0 90 -376 50 0 0 1 0 1 0 -1 0 0 3006.dat
1 0 -180 -376 30 0 0 1 0 1 0 -1 0 0 6111.dat
1 0 120 -376 30 0 0 1 0 1 0 -1 0 0 6111.dat
1 0 140 -376 100 1 0 0 0 1 0 0 0 1 2357.dat
1 0 -200 -376 100 0 0 -1 0 1 0 1 0 0 2357.dat
1 0 -210 -376 30 0 0 -1 0 1 0 1 0 0 2456.dat
1 0 150 -376 30 0 0 -1 0 1 0 1 0 0 2456.dat
1 0 -240 -376 60 0 0 -1 0 1 0 1 0 0 2357.dat
1 0 180 -376 60 1 0 0 0 1 0 0 0 1 2357.dat
1 0 180 -376 40 0 0 1 0 1 0 -1 0 0 2357.dat
1 0 -240 -376 40 -1 0 0 0 1 0 0 0 -1 2357.dat
1 0 -110 -376 -60 -1 0 0 0 1 0 0 0 -1 3009.dat
1 0 50 -376 -60 -1 0 0 0 1 0 0 0 -1 3009.dat
1 0 -140 -376 -80 -1 0 0 0 1 0 0 0 -1 2357.dat
1 0 80 -376 -80 0 0 1 0 1 0 -1 0 0 2357.dat
1 0 -30 -376 -80 -1 0 0 0 1 0 0 0 -1 6111.dat
1 0 -30 -376 -100 -1 0 0 0 1 0 0 0 -1 3010.dat
1 0 -30 -376 -120 -1 0 0 0 1 0 0 0 -1 3004.dat
1 0 -50 -400 180 0 0 -1 0 1 0 1 0 0 3002.dat
1 0 -10 -400 180 0 0 -1 0 1 0 1 0 0 3002.dat
1 0 -90 -400 170 0 0 -1 0 1 0 1 0 0 3003.dat
1 0 30 -400 170 0 0 -1 0 1 0 1 0 0 3003.dat
1 0 -120 -400 50 0 0 -1 0 1 0 1 0 0 6112.dat
1 0 60 -400 50 0 0 -1 0 1 0 1 0 0 6112.dat
1 0 -140 -400 50 0 0 -1 0 1 0 1 0 0 6111.dat
1 0 80 -400 50 0 0 -1 0 1 0 1 0 0 6111.dat
1 0 100 -400 30 0 0 -1 0 1 0 1 0 0 6111.dat
1 0 -160 -400 30 0 0 -1 0 1 0 1 0 0 6111.dat
1 0 -180 -400 80 0 0 -1 0 1 0 1 0 0 2357.dat
1 0 120 -400 80 1 0 0 0 1 0 0 0 1 2357.dat
1 0 -190 -400 40 0 0 1 0 1 0 -1 0 0 3002.dat
1 0 130 -400 40 0 0 1 0 1 0 -1 0 0 3002.dat
1 0 -220 -400 40 0 0 1 0 1 0 -1 0 0 3622.dat
1 0 160 -400 40 0 0 1 0 1 0 -1 0 0 3622.dat
1 0 -180 -400 0 -1 0 0 0 1 0 0 0 -1 2357.dat
1 0 120 -400 0 0 0 1 0 1 0 -1 0 0 2357.dat
1 0 -90 -400 -60 0 0 1 0 1 0 -1 0 0 3002.dat
1 0 30 -400 -60 0 0 1 0 1 0 -1 0 0 3002.dat
1 0 -60 -400 -80 0 0 1 0 1 0 -1 0 0 3622.dat
1 0 0 -400 -80 0 0 1 0 1 0 -1 0 0 3622.dat
1 0 -30 -400 -100 0 0 1 0 1 0 -1 0 0 3002.dat
1 0 -30 -424 180 -1 0 0 0 1 0 0 0 -1 3008.dat
1 0 -30 -424 150 -1 0 0 0 1 0 0 0 -1 3006.dat
1 0 -140 -424 120 -1 0 0 0 1 0 0 0 -1 3622.dat
1 0 80 -424 120 -1 0 0 0 1 0 0 0 -1 3622.dat
1 0 -30 -424 100 -1 0 0 0 1 0 0 0 -1 6112.dat
1 0 -160 -424 90 0 0 -1 0 1 0 1 0 0 3004.dat
1 0 100 -424 90 0 0 -1 0 1 0 1 0 0 3004.dat
1 0 -120 -424 70 1 0 0 0 1 0 0 0 1 3002.dat
1 0 60 -424 70 1 0 0 0 1 0 0 0 1 3002.dat
1 0 -180 -424 60 0 0 -1 0 1 0 1 0 0 2357.dat
1 0 120 -424 60 1 0 0 0 1 0 0 0 1 2357.dat
1 0 -170 -424 30 1 0 0 0 1 0 0 0 1 3001.dat
1 0 110 -424 30 1 0 0 0 1 0 0 0 1 3001.dat
1 0 -150 -424 0 1 0 0 0 1 0 0 0 1 3010.dat
1 0 90 -424 0 1 0 0 0 1 0 0 0 1 3010.dat
1 0 -160 -424 -20 -1 0 0 0 1 0 0 0 -1 2357.dat
1 0 100 -424 -20 0 0 1 0 1 0 -1 0 0 2357.dat
1 0 -130 -424 -40 0 0 1 0 1 0 -1 0 0 3002.dat
1 0 70 -424 -40 0 0 1 0 1 0 -1 0 0 3002.dat
1 0 -30 -424 -70 -1 0 0 0 1 0 0 0 -1 3007.dat
1 0 -30 -424 -100 -1 0 0 0 1 0 0 0 -1 3010.dat
1 0 -30 -424 -120 -1 0 0 0 1 0 0 0 -1 3004.dat
1 0 -30 -448 180 -1 0 0 0 1 0 0 0 -1 3010.dat
1 0 -30 -448 140 -1 0 0 0 1 0 0 0 -1 3010.dat
1 0 -90 -448 160 -1 0 0 0 1 0 0 0 -1 3004.dat
1 0 -40 -336 -180 1 0 0 0 1 0 0 0 1 10018 - tete.ldr
1 0 30 -448 160 -1 0 0 0 1 0 0 0 -1 3004.dat
1 0 -120 -448 120 0 0 -1 0 1 0 1 0 0 2357.dat
1 0 60 -448 120 1 0 0 0 1 0 0 0 1 2357.dat
1 0 100 -448 90 0 0 1 0 1 0 -1 0 0 3004.dat
1 0 -160 -448 90 0 0 1 0 1 0 -1 0 0 3004.dat
1 0 -180 -448 40 0 0 1 0 1 0 -1 0 0 3622.dat
1 0 120 -448 40 0 0 1 0 1 0 -1 0 0 3622.dat
1 0 100 -448 10 0 0 1 0 1 0 -1 0 0 3010.dat
1 0 -160 -448 10 0 0 1 0 1 0 -1 0 0 3010.dat

0 FILE 10018 - tete.ldr
0 tete
0 Name: 10018 - tete.ldr
0 Author: Faramond Florent [Makou]
0 !LDRAW_ORG Unofficial_Model
0 !LICENSE Redistributable under CCAL version 2.0 : see CAreadme.txt

1 0 10 0 10 0 0 1 0 1 0 -1 0 0 3032.dat
1 0 10 -16 80 -1 0 0 0 1 0 0 0 -1 6111.dat
1 0 -70 -16 190 0 0 -1 0 1 0 1 0 0 3006.dat
1 0 90 -16 190 0 0 -1 0 1 0 1 0 0 3006.dat
1 0 -100 -16 190 0 0 -1 0 1 0 1 0 0 3008.dat
1 0 120 -16 190 0 0 -1 0 1 0 1 0 0 3008.dat
1 0 10 -16 300 1 0 0 0 1 0 0 0 1 3008.dat
1 0 10 -8 50 -1 0 0 0 1 0 0 0 -1 3034.dat
1 4 10 -8 -30 0 0 -1 0 1 0 1 0 0 3795.dat
1 0 -30 -8 0 0 0 -1 0 1 0 1 0 0 3021.dat
1 0 50 -8 0 0 0 -1 0 1 0 1 0 0 3021.dat
1 0 -20 -8 -40 -1 0 0 0 1 0 0 0 -1 2420.dat
1 0 40 -8 -40 0 0 1 0 1 0 -1 0 0 2420.dat
1 0 -60 -16 50 0 0 1 0 1 0 -1 0 0 3023.dat
1 0 80 -16 50 0 0 1 0 1 0 -1 0 0 3023.dat
1 0 -40 -16 30 0 0 1 0 1 0 -1 0 0 3710.dat
1 0 60 -16 30 0 0 1 0 1 0 -1 0 0 3710.dat
1 0 10 -16 -20 -1 0 0 0 1 0 0 0 -1 3666.dat
1 0 10 -16 -40 -1 0 0 0 1 0 0 0 -1 6636.dat
1 4 -10 -16 -70 -1 0 0 0 1 0 0 0 -1 3068b.dat
1 4 30 -16 -70 -1 0 0 0 1 0 0 0 -1 3068b.dat
1 1 0 -16 50 0 0 -1 0 1 0 1 0 0 3794b.dat
1 1 0 -440 10 0 0 -1 0 1 0 1 0 0 3794b.dat
1 1 0 -472 0 0 0 -1 0 1 0 1 0 0 3794b.dat
1 1 20 -472 0 0 0 -1 0 1 0 1 0 0 3794b.dat
1 1 20 -440 10 0 0 -1 0 1 0 1 0 0 3794b.dat
1 14 0 -464 10 1 0 0 0 1 0 0 0 1 4070.dat
1 14 20 -464 10 1 0 0 0 1 0 0 0 1 4070.dat
1 1 20 -16 50 0 0 -1 0 1 0 1 0 0 3794b.dat
1 1 20 -88 20 0 0 -1 0 1 0 1 0 0 3794b.dat
1 0 190 -352 60 1 0 0 0 1 0 0 0 1 3794b.dat
1 4 200 -360 60 1 0 0 0 1 0 0 0 1 3023.dat
1 4 -180 -360 60 1 0 0 0 1 0 0 0 1 3023.dat
1 6 200 -368 60 1 0 0 0 1 0 0 0 1 3023.dat
1 6 200 -400 60 1 0 0 0 1 0 0 0 1 3023.dat
1 6 228 -380 60 0 -1 0 1 0 0 0 0 1 3023.dat
1 6 -208 -380 60 0 1 0 1 0 0 0 0 -1 3023.dat
1 6 -180 -400 60 1 0 0 0 1 0 0 0 1 3023.dat
1 6 -180 -368 60 1 0 0 0 1 0 0 0 1 3023.dat
1 4 190 -392 60 1 0 0 0 1 0 0 0 1 3005.dat
1 4 -170 -392 60 1 0 0 0 1 0 0 0 1 3005.dat
1 15 210 -392 60 0 0 1 0 1 0 -1 0 0 6541.dat
1 15 -190 -392 60 0 0 1 0 1 0 -1 0 0 6541.dat
1 4 200 -400 40 1 0 0 0 1 0 0 0 1 3794b.dat
1 4 200 -400 80 1 0 0 0 1 0 0 0 1 3794b.dat
1 4 -180 -400 80 1 0 0 0 1 0 0 0 1 3794b.dat
1 4 -180 -400 40 1 0 0 0 1 0 0 0 1 3794b.dat
1 0 190 -408 40 1 0 0 0 1 0 0 0 1 3023.dat
1 0 190 -408 80 1 0 0 0 1 0 0 0 1 3023.dat
1 0 -170 -408 80 1 0 0 0 1 0 0 0 1 3023.dat
1 0 -170 -408 40 1 0 0 0 1 0 0 0 1 3023.dat
1 0 224 -382 40 0 -1 0 1 0 0 0 0 1 3070b.dat
1 0 224 -382 80 0 -1 0 1 0 0 0 0 1 3070b.dat
1 0 -204 -382 80 0 1 0 1 0 0 0 0 -1 3070b.dat
1 0 -204 -382 40 0 1 0 1 0 0 0 0 -1 3070b.dat
1 0 190 -360 40 1 0 0 0 1 0 0 0 1 3794b.dat
1 0 190 -360 80 1 0 0 0 1 0 0 0 1 3794b.dat
1 0 -170 -360 80 1 0 0 0 1 0 0 0 1 3794b.dat
1 0 -170 -360 40 1 0 0 0 1 0 0 0 1 3794b.dat
1 4 200 -368 40 1 0 0 0 1 0 0 0 1 3023.dat
1 4 190 -392 40 1 0 0 0 1 0 0 0 1 3005.dat
1 4 190 -392 80 1 0 0 0 1 0 0 0 1 3005.dat
1 4 -170 -392 80 1 0 0 0 1 0 0 0 1 3005.dat
1 4 -170 -392 40 1 0 0 0 1 0 0 0 1 3005.dat
1 4 200 -368 80 1 0 0 0 1 0 0 0 1 3023.dat
1 4 -180 -368 80 1 0 0 0 1 0 0 0 1 3023.dat
1 4 -180 -368 40 1 0 0 0 1 0 0 0 1 3023.dat
1 0 -170 -352 60 1 0 0 0 1 0 0 0 1 3794b.dat
1 0 190 -352 30 1 0 0 0 1 0 0 0 1 3022.dat
1 0 -170 -352 30 1 0 0 0 1 0 0 0 1 3022.dat
1 0 160 -352 0 0 0 1 0 1 0 -1 0 0 3623.dat
1 0 -140 -352 0 0 0 1 0 1 0 -1 0 0 3623.dat
1 4 180 -360 0 0 0 1 0 1 0 -1 0 0 3005.dat
1 4 -160 -360 0 0 0 1 0 1 0 -1 0 0 3005.dat
1 1 0 -88 20 0 0 -1 0 1 0 1 0 0 3794b.dat
1 19 180 -560 290 0 0 -1 0 1 0 1 0 0 3794b.dat
1 19 200 -576 290 0 0 -1 0 1 0 1 0 0 3794b.dat
1 19 210 -584 290 1 0 0 0 1 0 0 0 1 3023.dat
1 19 210 -592 290 1 0 0 0 1 0 0 0 1 3023.dat
1 19 -190 -584 290 1 0 0 0 1 0 0 0 1 3023.dat
1 19 -190 -592 290 1 0 0 0 1 0 0 0 1 3023.dat
1 19 220 -576 290 1 0 0 0 1 0 0 0 1 3005.dat
1 19 -200 -576 290 1 0 0 0 1 0 0 0 1 3005.dat
1 19 140 -616 70 0 0 -1 0 1 0 1 0 0 3794b.dat
1 19 -120 -616 70 0 0 -1 0 1 0 1 0 0 3794b.dat
1 19 -140 -632 70 0 0 -1 0 1 0 1 0 0 3794b.dat
1 19 -150 -640 70 1 0 0 0 1 0 0 0 1 3794b.dat
1 19 -160 -648 70 1 0 0 0 1 0 0 0 1 3023.dat
1 19 -160 -656 70 1 0 0 0 1 0 0 0 1 3023.dat
1 19 180 -648 70 1 0 0 0 1 0 0 0 1 3023.dat
1 19 180 -656 70 1 0 0 0 1 0 0 0 1 3023.dat
1 19 170 -640 70 1 0 0 0 1 0 0 0 1 3794b.dat
1 19 -160 -632 70 1 0 0 0 1 0 0 0 1 3005.dat
1 19 180 -632 70 1 0 0 0 1 0 0 0 1 3005.dat
1 4 0 -608 0 1 0 0 0 1 0 0 0 1 3794b.dat
1 4 10 -624 20 1 0 0 0 1 0 0 0 1 3794b.dat
1 0 10 -616 340 1 0 0 0 1 0 0 0 1 3794b.dat
1 0 -20 -616 340 1 0 0 0 1 0 0 0 1 3024.dat
1 0 40 -616 340 1 0 0 0 1 0 0 0 1 3024.dat
1 4 0 -608 -20 1 0 0 0 1 0 0 0 1 3794b.dat
1 4 30 -608 -10 0 0 1 0 1 0 -1 0 0 3069b.dat
1 19 160 -632 70 0 0 -1 0 1 0 1 0 0 3794b.dat
1 19 10 -672 -20 1 0 0 0 1 0 0 0 1 3794b.dat
1 19 10 -680 -30 0 0 1 0 1 0 -1 0 0 3794b.dat
1 19 10 -688 -20 0 0 1 0 1 0 -1 0 0 3023.dat
1 19 10 -696 -20 0 0 1 0 1 0 -1 0 0 3023.dat
1 19 10 -704 -10 0 0 1 0 1 0 -1 0 0 3024.dat
1 19 10 -672 -40 0 0 1 0 1 0 -1 0 0 3005.dat
1 6 10 -648 -40 0 0 1 0 1 0 -1 0 0 3005.dat
1 19 -160 -664 70 1 0 0 0 1 0 0 0 1 3794b.dat
1 19 180 -664 70 1 0 0 0 1 0 0 0 1 3794b.dat
1 19 -160 -672 70 1 0 0 0 1 0 0 0 1 3024.dat
1 19 180 -672 70 1 0 0 0 1 0 0 0 1 3024.dat
1 19 180 -680 70 1 0 0 0 1 0 0 0 1 3024.dat
1 19 -160 -680 70 1 0 0 0 1 0 0 0 1 3024.dat
1 19 10 -648 0 1 0 0 0 1 0 0 0 1 3794b.dat
1 19 10 -656 0 1 0 0 0 1 0 0 0 1 3024.dat
1 6 10 -640 -20 1 0 0 0 1 0 0 0 1 3023.dat
1 6 10 -648 -20 1 0 0 0 1 0 0 0 1 3023.dat
1 19 10 -656 -20 1 0 0 0 1 0 0 0 1 3023.dat
1 19 10 -664 -20 1 0 0 0 1 0 0 0 1 3023.dat
1 19 210 -600 290 1 0 0 0 1 0 0 0 1 3794b.dat
1 19 10 -656 360 1 0 0 0 1 0 0 0 1 3794b.dat
1 19 10 -664 350 0 0 1 0 1 0 -1 0 0 3794b.dat
1 19 10 -656 340 0 0 1 0 1 0 -1 0 0 3024.dat
1 19 10 -648 340 0 0 1 0 1 0 -1 0 0 3024.dat
1 19 10 -672 350 0 0 1 0 1 0 -1 0 0 3024.dat
1 19 10 -680 350 0 0 1 0 1 0 -1 0 0 3024.dat
1 19 10 -632 380 1 0 0 0 1 0 0 0 1 3794b.dat
1 19 10 -640 380 1 0 0 0 1 0 0 0 1 3024.dat
1 19 -190 -600 290 1 0 0 0 1 0 0 0 1 3794b.dat
1 19 210 -624 290 1 0 0 0 1 0 0 0 1 3005.dat
1 19 -190 -624 290 1 0 0 0 1 0 0 0 1 3005.dat
1 19 140 -624 70 0 0 -1 0 1 0 1 0 0 3024.dat
1 19 -120 -624 70 0 0 -1 0 1 0 1 0 0 3024.dat
1 19 -180 -576 290 0 0 -1 0 1 0 1 0 0 3794b.dat
1 0 -10 -592 -20 1 0 0 0 1 0 0 0 1 3794b.dat
1 0 -10 -592 0 1 0 0 0 1 0 0 0 1 3794b.dat
1 0 10 -592 20 1 0 0 0 1 0 0 0 1 3794b.dat
1 0 -70 -592 20 1 0 0 0 1 0 0 0 1 3666.dat
1 0 90 -592 20 1 0 0 0 1 0 0 0 1 3666.dat
1 0 -40 -592 -10 0 0 1 0 1 0 -1 0 0 3023.dat
1 0 60 -592 -10 0 0 1 0 1 0 -1 0 0 3023.dat
1 4 90 -592 -10 0 0 1 0 1 0 -1 0 0 3022.dat
1 4 -70 -592 -10 0 0 1 0 1 0 -1 0 0 3022.dat
1 0 -100 -592 0 0 0 1 0 1 0 -1 0 0 3024.dat
1 0 120 -592 0 0 0 1 0 1 0 -1 0 0 3024.dat
1 0 110 -592 60 0 0 1 0 1 0 -1 0 0 3021.dat
1 0 -90 -592 60 0 0 1 0 1 0 -1 0 0 3021.dat
1 4 -90 -600 60 0 0 1 0 1 0 -1 0 0 3021.dat
1 4 110 -600 60 0 0 1 0 1 0 -1 0 0 3021.dat
1 19 140 -600 70 0 0 1 0 1 0 -1 0 0 3023.dat
1 19 -120 -600 70 0 0 1 0 1 0 -1 0 0 3023.dat
1 19 150 -608 70 0 0 1 0 1 0 -1 0 0 3022.dat
1 19 -130 -608 70 0 0 1 0 1 0 -1 0 0 3022.dat
1 19 160 -616 70 0 0 1 0 1 0 -1 0 0 3023.dat
1 19 160 -624 70 0 0 1 0 1 0 -1 0 0 3023.dat
1 19 -140 -616 70 0 0 1 0 1 0 -1 0 0 3023.dat
1 19 -140 -624 70 0 0 1 0 1 0 -1 0 0 3023.dat
1 0 30 -592 0 1 0 0 0 1 0 0 0 1 3794b.dat
1 0 30 -592 -20 1 0 0 0 1 0 0 0 1 3794b.dat
1 0 -10 -600 -10 0 0 1 0 1 0 -1 0 0 3023.dat
1 4 10 -600 10 0 0 1 0 1 0 -1 0 0 2431.dat
1 0 60 -600 20 -1 0 0 0 1 0 0 0 -1 2420.dat
1 0 -40 -600 20 0 0 1 0 1 0 -1 0 0 2420.dat
1 0 60 -608 20 0 0 1 0 1 0 -1 0 0 3623.dat
1 0 -40 -608 20 0 0 1 0 1 0 -1 0 0 3623.dat
1 4 80 -600 0 0 0 1 0 1 0 -1 0 0 3623.dat
1 4 -60 -600 0 0 0 1 0 1 0 -1 0 0 3623.dat
1 4 -60 -608 20 0 0 1 0 1 0 -1 0 0 3623.dat
1 4 80 -608 20 0 0 1 0 1 0 -1 0 0 3623.dat
1 0 100 -600 20 0 0 1 0 1 0 -1 0 0 2420.dat
1 0 -80 -600 20 -1 0 0 0 1 0 0 0 -1 2420.dat
1 0 100 -608 50 0 0 -1 0 1 0 1 0 0 3710.dat
1 0 -80 -608 50 0 0 -1 0 1 0 1 0 0 3710.dat
1 0 120 -608 60 0 0 -1 0 1 0 1 0 0 3623.dat
1 0 -100 -608 60 0 0 -1 0 1 0 1 0 0 3623.dat
1 0 30 -600 -10 0 0 1 0 1 0 -1 0 0 3023.dat
1 19 180 -568 290 0 0 -1 0 1 0 1 0 0 3024.dat
1 19 180 -576 290 0 0 -1 0 1 0 1 0 0 3024.dat
1 19 -160 -568 290 0 0 -1 0 1 0 1 0 0 3024.dat
1 19 -160 -576 290 0 0 -1 0 1 0 1 0 0 3024.dat
1 19 -160 -560 290 0 0 -1 0 1 0 1 0 0 3794b.dat
1 19 110 -512 420 1 0 0 0 1 0 0 0 1 3794b.dat
1 19 -90 -512 420 1 0 0 0 1 0 0 0 1 3794b.dat
1 19 -90 -520 430 0 0 1 0 1 0 -1 0 0 3794b.dat
1 19 110 -520 430 0 0 1 0 1 0 -1 0 0 3794b.dat
1 19 110 -544 440 0 0 1 0 1 0 -1 0 0 3794b.dat
1 19 110 -568 440 0 0 1 0 1 0 -1 0 0 3005.dat
1 19 110 -512 440 0 0 1 0 1 0 -1 0 0 3005.dat
1 19 -90 -512 440 0 0 1 0 1 0 -1 0 0 3005.dat
1 6 -90 -488 440 0 0 1 0 1 0 -1 0 0 3005.dat
1 6 110 -488 440 0 0 1 0 1 0 -1 0 0 3005.dat
1 19 -90 -568 440 0 0 1 0 1 0 -1 0 0 3005.dat
1 19 -90 -544 440 0 0 1 0 1 0 -1 0 0 3794b.dat
1 19 110 -528 440 0 0 1 0 1 0 -1 0 0 3023.dat
1 19 110 -536 440 0 0 1 0 1 0 -1 0 0 3023.dat
1 19 -90 -528 440 0 0 1 0 1 0 -1 0 0 3023.dat
1 19 -90 -536 440 0 0 1 0 1 0 -1 0 0 3023.dat
1 4 200 -408 60 1 0 0 0 1 0 0 0 1 3794b.dat
1 4 -180 -408 60 1 0 0 0 1 0 0 0 1 3794b.dat
1 19 -216 -380 60 0 1 0 -1 0 0 0 0 1 3794b.dat
1 19 236 -380 60 0 -1 0 -1 0 0 0 0 -1 3794b.dat
1 19 244 -380 60 0 -1 0 -1 0 0 0 0 -1 3024.dat
1 19 -224 -380 60 0 1 0 -1 0 0 0 0 1 3024.dat
1 7 220 -382 60 1 0 0 0 1 0 0 0 1 4274.dat
1 7 -200 -382 60 -1 0 0 0 1 0 0 0 -1 4274.dat
1 1 0 -240 -50 0 0 -1 0 1 0 1 0 0 3794b.dat
1 1 20 -272 -60 0 0 -1 0 1 0 1 0 0 3794b.dat
1 4 10 -280 -60 1 0 0 0 1 0 0 0 1 3023.dat
1 1 0 -272 -60 0 0 -1 0 1 0 1 0 0 3794b.dat
1 1 20 -240 -50 0 0 -1 0 1 0 1 0 0 3794b.dat
1 4 10 -240 -90 0 0 -1 0 1 0 1 0 0 3068b.dat
1 4 10 -240 -130 0 0 -1 0 1 0 1 0 0 3068b.dat
1 0 10 -40 50 1 0 0 0 1 0 0 0 1 3004.dat
1 1 20 -16 10 0 0 -1 0 1 0 1 0 0 3794b.dat
1 1 0 -16 10 0 0 -1 0 1 0 1 0 0 3794b.dat
1 14 0 -40 10 1 0 0 0 1 0 0 0 1 4070.dat
1 14 0 -80 10 1 0 0 0 1 0 0 0 1 4070.dat
1 14 20 -80 10 1 0 0 0 1 0 0 0 1 4070.dat
1 14 20 -40 10 1 0 0 0 1 0 0 0 1 4070.dat
1 15 10 -30 -28 1 0 0 0 0 -1 0 1 0 2432.dat
1 15 10 -70 -28 1 0 0 0 0 -1 0 1 0 2432.dat
1 15 10 -254 -88 1 0 0 0 0 -1 0 1 0 2432.dat
1 15 10 -454 -28 1 0 0 0 0 -1 0 1 0 2432.dat
1 4 10 -56 30 0 0 1 0 1 0 -1 0 0 3021.dat
1 4 10 -48 30 0 0 1 0 1 0 -1 0 0 3021.dat
1 0 -40 -40 50 0 0 1 0 1 0 -1 0 0 3008.dat
1 0 -60 -40 30 0 0 1 0 1 0 -1 0 0 3008.dat
1 0 80 -40 30 0 0 1 0 1 0 -1 0 0 3008.dat
1 0 100 -40 110 0 0 1 0 1 0 -1 0 0 3009.dat
1 0 -80 -40 110 0 0 1 0 1 0 -1 0 0 3009.dat
1 0 -100 -40 120 0 0 1 0 1 0 -1 0 0 3622.dat
1 0 120 -40 120 0 0 1 0 1 0 -1 0 0 3622.dat
1 0 60 -40 50 0 0 1 0 1 0 -1 0 0 3008.dat
1 0 -110 -40 190 0 0 1 0 1 0 -1 0 0 3001.dat
1 0 130 -40 190 0 0 1 0 1 0 -1 0 0 3001.dat
1 0 -80 -40 240 -1 0 0 0 1 0 0 0 -1 3622.dat
1 0 100 -40 240 -1 0 0 0 1 0 0 0 -1 3622.dat
1 0 -80 -40 260 0 0 -1 0 1 0 1 0 0 2357.dat
1 0 100 -40 260 1 0 0 0 1 0 0 0 1 2357.dat
1 0 -50 -40 290 1 0 0 0 1 0 0 0 1 3003.dat
1 0 70 -40 290 1 0 0 0 1 0 0 0 1 3003.dat
1 0 10 -40 310 1 0 0 0 1 0 0 0 1 3001.dat
1 0 -60 -64 -20 0 0 1 0 1 0 -1 0 0 2357.dat
1 0 80 -64 -20 -1 0 0 0 1 0 0 0 -1 2357.dat
1 0 -40 -64 10 -1 0 0 0 1 0 0 0 -1 3002.dat
1 0 10 -80 30 -1 0 0 0 1 0 0 0 -1 3004.dat
1 0 60 -64 10 -1 0 0 0 1 0 0 0 -1 3002.dat
1 0 -70 -64 50 -1 0 0 0 1 0 0 0 -1 3003.dat
1 0 90 -64 50 -1 0 0 0 1 0 0 0 -1 3003.dat
1 0 -90 -64 100 0 0 -1 0 1 0 1 0 0 3002.dat
1 0 110 -64 100 0 0 -1 0 1 0 1 0 0 3002.dat
1 0 130 -64 160 0 0 -1 0 1 0 1 0 0 3002.dat
1 0 -110 -64 160 0 0 -1 0 1 0 1 0 0 3002.dat
1 0 -100 -64 210 1 0 0 0 1 0 0 0 1 3002.dat
1 0 120 -64 210 1 0 0 0 1 0 0 0 1 3002.dat
1 0 100 -64 250 1 0 0 0 1 0 0 0 1 3002.dat
1 0 -80 -64 250 1 0 0 0 1 0 0 0 1 3002.dat
1 0 10 -64 280 1 0 0 0 1 0 0 0 1 6111.dat
1 0 10 -136 160 1 0 0 0 1 0 0 0 1 6112.dat
1 0 10 -136 280 1 0 0 0 1 0 0 0 1 6112.dat
1 0 -130 -136 110 0 0 1 0 1 0 -1 0 0 2456.dat
1 0 150 -136 110 0 0 1 0 1 0 -1 0 0 2456.dat
1 0 -130 -136 200 0 0 1 0 1 0 -1 0 0 3002.dat
1 0 -10 -136 320 0 0 1 0 1 0 -1 0 0 3002.dat
1 0 -110 -136 20 0 0 1 0 1 0 -1 0 0 3002.dat
1 0 130 -136 20 0 0 1 0 1 0 -1 0 0 3002.dat
1 0 -80 -136 -30 0 0 1 0 1 0 -1 0 0 3009.dat
1 0 100 -136 -30 0 0 1 0 1 0 -1 0 0 3009.dat
1 0 120 -136 -30 0 0 1 0 1 0 -1 0 0 3004.dat
1 0 -100 -136 -30 0 0 1 0 1 0 -1 0 0 3004.dat
1 0 30 -136 320 0 0 1 0 1 0 -1 0 0 3002.dat
1 0 80 -136 300 -1 0 0 0 1 0 0 0 -1 3622.dat
1 0 -60 -136 300 -1 0 0 0 1 0 0 0 -1 3622.dat
1 0 -50 -136 320 -1 0 0 0 1 0 0 0 -1 3004.dat
1 0 70 -136 320 -1 0 0 0 1 0 0 0 -1 3004.dat
1 0 150 -136 200 0 0 1 0 1 0 -1 0 0 3002.dat
1 0 -90 -136 250 -1 0 0 0 1 0 0 0 -1 3001.dat
1 0 110 -136 250 -1 0 0 0 1 0 0 0 -1 3001.dat
1 0 10 -64 300 1 0 0 0 1 0 0 0 1 3008.dat
1 0 10 -64 320 1 0 0 0 1 0 0 0 1 3010.dat
1 0 -60 -88 -10 0 0 1 0 1 0 -1 0 0 3009.dat
1 0 -30 -96 -110 0 0 1 0 1 0 -1 0 0 10018 - sous02.ldr
1 0 80 -88 -10 0 0 1 0 1 0 -1 0 0 3009.dat
1 0 100 -88 30 0 0 1 0 1 0 -1 0 0 3009.dat
1 0 -80 -88 30 0 0 1 0 1 0 -1 0 0 3009.dat
1 0 -100 -88 100 0 0 1 0 1 0 -1 0 0 2357.dat
1 0 120 -88 100 -1 0 0 0 1 0 0 0 -1 2357.dat
1 0 -110 -88 170 0 0 -1 0 1 0 1 0 0 2456.dat
1 0 130 -88 170 0 0 -1 0 1 0 1 0 0 2456.dat
1 0 -100 -88 250 0 0 -1 0 1 0 1 0 0 3004.dat
1 0 120 -88 250 0 0 -1 0 1 0 1 0 0 3004.dat
1 0 -70 -88 260 0 0 -1 0 1 0 1 0 0 3002.dat
1 0 90 -88 260 0 0 -1 0 1 0 1 0 0 3002.dat
1 0 -60 -88 300 0 0 -1 0 1 0 1 0 0 3005.dat
1 0 80 -88 300 0 0 -1 0 1 0 1 0 0 3005.dat
1 0 10 -88 310 1 0 0 0 1 0 0 0 1 2456.dat

1 0 62 -46 -64 0 1 0 0 0 -1 -1 0 0 10018 - sous01.ldr
1 0 10 -112 320 -1 0 0 0 1 0 0 0 -1 3009.dat
1 0 10 -112 300 -1 0 0 0 1 0 0 0 -1 3010.dat
1 0 -60 -112 300 0 0 1 0 1 0 -1 0 0 2357.dat
1 0 80 -112 300 -1 0 0 0 1 0 0 0 -1 2357.dat
1 0 100 -112 260 0 0 -1 0 1 0 1 0 0 2357.dat
1 0 -80 -112 260 1 0 0 0 1 0 0 0 1 2357.dat
1 0 -100 -112 230 0 0 1 0 1 0 -1 0 0 3010.dat
1 0 120 -112 230 0 0 1 0 1 0 -1 0 0 3010.dat
1 0 140 -112 210 0 0 1 0 1 0 -1 0 0 3004.dat
1 0 -120 -112 210 0 0 1 0 1 0 -1 0 0 3004.dat
1 0 -110 -112 110 0 0 1 0 1 0 -1 0 0 3007.dat
1 0 130 -112 110 0 0 1 0 1 0 -1 0 0 3007.dat
1 0 10 -112 20 -1 0 0 0 1 0 0 0 -1 6112.dat
1 0 10 -160 310 0 0 -1 0 1 0 1 0 0 3001.dat
1 0 10 -184 330 0 0 -1 0 1 0 1 0 0 3001.dat
1 0 -70 -208 310 1 0 0 0 1 0 0 0 1 3007.dat
1 0 90 -208 310 1 0 0 0 1 0 0 0 1 3007.dat
1 0 90 -208 340 1 0 0 0 1 0 0 0 1 3009.dat
1 0 -70 -208 340 1 0 0 0 1 0 0 0 1 3009.dat
1 0 10 -208 360 1 0 0 0 1 0 0 0 1 6111.dat
1 0 -150 -208 260 0 0 1 0 1 0 -1 0 0 3002.dat
1 0 -150 -208 20 0 0 1 0 1 0 -1 0 0 3002.dat
1 0 170 -208 20 0 0 1 0 1 0 -1 0 0 3002.dat
1 0 -110 -192 -20 -1 0 0 0 1 0 0 0 -1 3710.dat
1 0 130 -192 -20 -1 0 0 0 1 0 0 0 -1 3710.dat
1 4 -140 -192 -40 0 0 1 0 1 0 -1 0 0 2420.dat
1 4 160 -192 -40 -1 0 0 0 1 0 0 0 -1 2420.dat
1 4 -120 -192 -70 0 0 -1 0 1 0 1 0 0 3023.dat
1 4 140 -192 -70 0 0 -1 0 1 0 1 0 0 3023.dat
1 0 120 -192 -60 0 0 -1 0 1 0 1 0 0 3623.dat
1 0 -100 -192 -60 0 0 -1 0 1 0 1 0 0 3623.dat
1 4 -80 -192 -60 0 0 -1 0 1 0 1 0 0 3623.dat
1 4 100 -192 -60 0 0 -1 0 1 0 1 0 0 3623.dat
1 0 10 -184 -70 0 0 -1 0 1 0 1 0 0 3020.dat
1 0 10 -192 -70 0 0 -1 0 1 0 1 0 0 3020.dat
1 4 -20 -192 -60 0 0 -1 0 1 0 1 0 0 3622.dat
1 4 40 -192 -60 0 0 -1 0 1 0 1 0 0 3622.dat
1 4 -50 -208 -60 0 0 -1 0 1 0 1 0 0 3002.dat
1 4 70 -208 -60 0 0 -1 0 1 0 1 0 0 3002.dat
1 0 10 -200 -70 0 0 -1 0 1 0 1 0 0 3795.dat
1 0 -20 -200 -70 0 0 -1 0 1 0 1 0 0 3710.dat
1 0 40 -200 -70 0 0 -1 0 1 0 1 0 0 3710.dat
1 4 100 -200 -50 0 0 -1 0 1 0 1 0 0 3710.dat
1 4 -80 -200 -50 0 0 -1 0 1 0 1 0 0 3710.dat
1 0 -100 -200 -60 0 0 -1 0 1 0 1 0 0 3623.dat
1 0 120 -200 -60 0 0 -1 0 1 0 1 0 0 3623.dat
1 0 -130 -200 -20 1 0 0 0 1 0 0 0 1 3710.dat
1 0 150 -200 -20 1 0 0 0 1 0 0 0 1 3710.dat
1 4 150 -200 -40 1 0 0 0 1 0 0 0 1 3023.dat
1 4 -130 -200 -40 1 0 0 0 1 0 0 0 1 3023.dat
1 4 -120 -200 -60 -1 0 0 0 1 0 0 0 -1 2420.dat
1 4 140 -200 -60 0 0 1 0 1 0 -1 0 0 2420.dat
1 0 190 -192 200 0 0 1 0 1 0 -1 0 0 3021.dat
1 0 190 -200 200 0 0 1 0 1 0 -1 0 0 3021.dat
1 0 -170 -200 200 0 0 1 0 1 0 -1 0 0 3021.dat
1 0 190 -208 210 0 0 1 0 1 0 -1 0 0 3022.dat
1 0 -170 -208 210 0 0 1 0 1 0 -1 0 0 3022.dat
1 0 200 -208 180 -1 0 0 0 1 0 0 0 -1 3623.dat
1 0 -180 -208 180 -1 0 0 0 1 0 0 0 -1 3623.dat
1 0 -170 -192 200 0 0 1 0 1 0 -1 0 0 3021.dat
1 0 170 -208 260 0 0 1 0 1 0 -1 0 0 3002.dat
1 0 -170 -208 110 0 0 1 0 1 0 -1 0 0 2456.dat
1 14 -90 -248 -20 -1 0 0 0 1 0 0 0 -1 3245b.dat
1 14 110 -248 -20 -1 0 0 0 1 0 0 0 -1 3245b.dat
1 0 10 -208 -70 0 0 -1 0 1 0 1 0 0 3032.dat
1 0 10 -216 -90 1 0 0 0 1 0 0 0 1 3032.dat
1 4 -60 -216 -80 0 0 1 0 1 0 -1 0 0 3623.dat
1 4 80 -216 -80 0 0 1 0 1 0 -1 0 0 3623.dat
1 0 110 -216 -100 -1 0 0 0 1 0 0 0 -1 3023.dat
1 0 -90 -216 -100 -1 0 0 0 1 0 0 0 -1 3023.dat
1 0 -70 -216 -40 -1 0 0 0 1 0 0 0 -1 3710.dat
1 0 90 -216 -40 -1 0 0 0 1 0 0 0 -1 3710.dat
1 0 140 -216 -50 0 0 -1 0 1 0 1 0 0 3710.dat
1 0 -120 -216 -50 0 0 -1 0 1 0 1 0 0 3710.dat
1 4 160 -216 -70 0 0 -1 0 1 0 1 0 0 3023.dat
1 4 -140 -216 -70 0 0 -1 0 1 0 1 0 0 3023.dat
1 4 170 -232 -40 1 0 0 0 1 0 0 0 1 3004.dat
1 4 -150 -232 -40 1 0 0 0 1 0 0 0 1 3004.dat
1 0 170 -232 -10 1 0 0 0 1 0 0 0 1 3003.dat
1 0 -150 -232 -10 1 0 0 0 1 0 0 0 1 3003.dat
1 0 190 -232 50 0 0 1 0 1 0 -1 0 0 3001.dat
1 0 -170 -232 50 0 0 1 0 1 0 -1 0 0 3001.dat
1 0 -170 -232 120 0 0 1 0 1 0 -1 0 0 3002.dat
1 0 190 -232 120 0 0 1 0 1 0 -1 0 0 3002.dat
1 0 210 -232 180 0 0 1 0 1 0 -1 0 0 3002.dat
1 0 -190 -232 180 0 0 1 0 1 0 -1 0 0 3002.dat
1 0 -170 -232 240 0 0 1 0 1 0 -1 0 0 3002.dat
1 0 190 -232 240 0 0 1 0 1 0 -1 0 0 3002.dat
1 0 -160 -232 290 0 0 1 0 1 0 -1 0 0 3004.dat
1 0 180 -232 290 0 0 1 0 1 0 -1 0 0 3004.dat
1 0 -140 -232 270 0 0 1 0 1 0 -1 0 0 3009.dat
1 0 160 -232 270 0 0 1 0 1 0 -1 0 0 3009.dat
1 0 -120 -232 320 0 0 1 0 1 0 -1 0 0 3622.dat
1 0 140 -232 320 0 0 1 0 1 0 -1 0 0 3622.dat
1 0 -90 -232 330 0 0 1 0 1 0 -1 0 0 3001.dat
1 0 -50 -232 350 0 0 1 0 1 0 -1 0 0 3001.dat
1 0 70 -232 350 0 0 1 0 1 0 -1 0 0 3001.dat
1 0 10 -232 370 -1 0 0 0 1 0 0 0 -1 3001.dat
1 0 110 -232 330 0 0 1 0 1 0 -1 0 0 3001.dat
1 0 190 -208 110 0 0 1 0 1 0 -1 0 0 2456.dat
1 0 150 -160 150 1 0 0 0 1 0 0 0 1 3001.dat
1 0 10 -160 -50 1 0 0 0 1 0 0 0 1 3001.dat
1 0 -130 -160 150 1 0 0 0 1 0 0 0 1 3001.dat
1 0 110 -160 290 0 0 -1 0 1 0 1 0 0 3001.dat
1 0 -90 -160 290 0 0 -1 0 1 0 1 0 0 3001.dat
1 0 -120 -160 250 0 0 -1 0 1 0 1 0 0 3009.dat
1 0 140 -160 250 0 0 -1 0 1 0 1 0 0 3009.dat
1 0 -140 -160 230 0 0 -1 0 1 0 1 0 0 3010.dat
1 0 160 -160 230 0 0 -1 0 1 0 1 0 0 3010.dat
1 0 -160 -160 180 1 0 0 0 1 0 0 0 1 2357.dat
1 0 -20 -184 360 -1 0 0 0 1 0 0 0 -1 2357.dat
1 0 160 -184 -20 -1 0 0 0 1 0 0 0 -1 2357.dat
1 4 -120 -184 -50 0 0 -1 0 1 0 1 0 0 3004.dat
1 4 10 -176 -80 1 0 0 0 1 0 0 0 1 3004.dat
1 4 140 -184 -50 0 0 -1 0 1 0 1 0 0 3004.dat
1 4 -90 -184 -50 0 0 -1 0 1 0 1 0 0 3001.dat
1 4 110 -184 -50 0 0 -1 0 1 0 1 0 0 3001.dat
1 0 -40 -168 -70 1 0 0 0 1 0 0 0 1 3021.dat
1 0 60 -168 -70 1 0 0 0 1 0 0 0 1 3021.dat
1 4 -60 -176 -70 0 0 1 0 1 0 -1 0 0 3023.dat
1 4 -60 -184 -70 0 0 1 0 1 0 -1 0 0 3023.dat
1 4 80 -176 -70 0 0 1 0 1 0 -1 0 0 3023.dat
1 4 80 -184 -70 0 0 1 0 1 0 -1 0 0 3023.dat
1 0 -40 -176 -60 0 0 1 0 1 0 -1 0 0 3623.dat
1 0 60 -176 -60 0 0 1 0 1 0 -1 0 0 3623.dat
1 0 60 -184 -60 0 0 1 0 1 0 -1 0 0 3623.dat
1 0 -40 -184 -60 0 0 1 0 1 0 -1 0 0 3623.dat
1 0 10 -168 -40 -1 0 0 0 1 0 0 0 -1 3710.dat
1 4 10 -176 -40 -1 0 0 0 1 0 0 0 -1 3023.dat
1 0 -100 -184 320 -1 0 0 0 1 0 0 0 -1 2357.dat
1 0 -70 -184 340 -1 0 0 0 1 0 0 0 -1 3010.dat
1 0 90 -184 340 -1 0 0 0 1 0 0 0 -1 3010.dat
1 0 70 -184 320 -1 0 0 0 1 0 0 0 -1 3010.dat
1 0 -50 -184 320 -1 0 0 0 1 0 0 0 -1 3010.dat
1 0 40 -184 360 0 0 1 0 1 0 -1 0 0 2357.dat
1 0 -140 -184 -20 0 0 1 0 1 0 -1 0 0 2357.dat
1 0 120 -184 320 0 0 1 0 1 0 -1 0 0 2357.dat
1 0 -130 -184 280 0 0 1 0 1 0 -1 0 0 3002.dat
1 0 150 -184 280 0 0 1 0 1 0 -1 0 0 3002.dat
1 0 -140 -184 240 1 0 0 0 1 0 0 0 1 3622.dat
1 0 160 -184 240 1 0 0 0 1 0 0 0 1 3622.dat
1 0 -150 -184 130 0 0 1 0 1 0 -1 0 0 3006.dat
1 0 170 -184 130 0 0 1 0 1 0 -1 0 0 3006.dat
1 0 -130 -184 10 0 0 1 0 1 0 -1 0 0 3003.dat
1 0 150 -184 10 0 0 1 0 1 0 -1 0 0 3003.dat
1 0 180 -160 180 0 0 -1 0 1 0 1 0 0 2357.dat
1 0 -40 -160 330 1 0 0 0 1 0 0 0 1 3002.dat
1 0 -150 -160 100 0 0 1 0 1 0 -1 0 0 3002.dat
1 0 170 -160 100 0 0 1 0 1 0 -1 0 0 3002.dat
1 0 150 -160 40 0 0 1 0 1 0 -1 0 0 3002.dat
1 0 -130 -160 40 0 0 1 0 1 0 -1 0 0 3002.dat
1 0 -100 -160 -10 -1 0 0 0 1 0 0 0 -1 3002.dat
1 0 120 -160 -10 -1 0 0 0 1 0 0 0 -1 3002.dat
1 0 -90 -160 -40 -1 0 0 0 1 0 0 0 -1 3010.dat
1 0 110 -160 -40 -1 0 0 0 1 0 0 0 -1 3010.dat
1 4 -70 -160 -60 -1 0 0 0 1 0 0 0 -1 3010.dat
1 4 90 -160 -60 -1 0 0 0 1 0 0 0 -1 3010.dat
1 0 10 -144 -80 -1 0 0 0 1 0 0 0 -1 4477.dat
1 0 10 -152 -80 -1 0 0 0 1 0 0 0 -1 4477.dat
1 0 -40 -160 -80 -1 0 0 0 1 0 0 0 -1 3623.dat
1 0 60 -160 -80 -1 0 0 0 1 0 0 0 -1 3623.dat
1 4 -80 -160 -80 -1 0 0 0 1 0 0 0 -1 3024.dat
1 4 100 -160 -80 -1 0 0 0 1 0 0 0 -1 3024.dat
1 0 60 -160 330 1 0 0 0 1 0 0 0 1 3002.dat
1 0 -90 -208 -70 0 0 1 0 1 0 -1 0 0 3020.dat
1 0 110 -208 -70 0 0 1 0 1 0 -1 0 0 3020.dat
1 0 140 -208 -50 0 0 1 0 1 0 -1 0 0 3710.dat
1 0 -120 -208 -50 0 0 1 0 1 0 -1 0 0 3710.dat
1 4 -140 -208 -50 0 0 1 0 1 0 -1 0 0 3710.dat
1 4 160 -208 -50 0 0 1 0 1 0 -1 0 0 3710.dat
1 0 180 -208 -20 0 0 1 0 1 0 -1 0 0 3024.dat
1 0 -160 -208 -20 0 0 1 0 1 0 -1 0 0 3024.dat
1 0 -200 -240 160 0 0 1 0 1 0 -1 0 0 3024.dat
1 0 220 -240 160 0 0 1 0 1 0 -1 0 0 3024.dat
1 0 220 -248 160 0 0 1 0 1 0 -1 0 0 3024.dat
1 0 -200 -248 160 0 0 1 0 1 0 -1 0 0 3024.dat
1 4 -130 -224 -60 -1 0 0 0 1 0 0 0 -1 3023.dat
1 4 150 -224 -60 -1 0 0 0 1 0 0 0 -1 3023.dat
1 0 -120 -224 -80 -1 0 0 0 1 0 0 0 -1 2420.dat
1 0 140 -224 -80 0 0 1 0 1 0 -1 0 0 2420.dat
1 4 -100 -224 -70 0 0 1 0 1 0 -1 0 0 3710.dat
1 4 120 -224 -70 0 0 1 0 1 0 -1 0 0 3710.dat
1 0 100 -224 -70 0 0 1 0 1 0 -1 0 0 3710.dat
1 0 -80 -224 -70 0 0 1 0 1 0 -1 0 0 3710.dat
1 4 -50 -224 -80 0 0 1 0 1 0 -1 0 0 3021.dat
1 4 70 -224 -80 0 0 1 0 1 0 -1 0 0 3021.dat
1 0 -40 -224 -120 0 0 1 0 1 0 -1 0 0 3024.dat
1 0 60 -224 -120 0 0 1 0 1 0 -1 0 0 3024.dat
1 0 -20 -224 -90 0 0 1 0 1 0 -1 0 0 3666.dat
1 0 40 -224 -90 0 0 1 0 1 0 -1 0 0 3666.dat
1 4 10 -224 -90 0 0 1 0 1 0 -1 0 0 3795.dat
1 0 -120 -232 -70 -1 0 0 0 1 0 0 0 -1 3021.dat
1 0 -70 -232 -80 0 0 -1 0 1 0 1 0 0 3021.dat
1 0 90 -232 -80 0 0 -1 0 1 0 1 0 0 3021.dat
1 4 -40 -232 -90 0 0 -1 0 1 0 1 0 0 3710.dat
1 4 60 -232 -90 0 0 -1 0 1 0 1 0 0 3710.dat
1 0 -20 -232 -90 0 0 -1 0 1 0 1 0 0 3666.dat
1 0 40 -232 -90 0 0 -1 0 1 0 1 0 0 3666.dat
1 4 10 -232 -90 0 0 -1 0 1 0 1 0 0 3795.dat
1 0 140 -232 -70 -1 0 0 0 1 0 0 0 -1 3021.dat
1 0 -120 -232 -100 -1 0 0 0 1 0 0 0 -1 3024.dat
1 0 140 -232 -100 -1 0 0 0 1 0 0 0 -1 3024.dat
1 4 120 -232 -100 -1 0 0 0 1 0 0 0 -1 3024.dat
1 4 -100 -232 -100 -1 0 0 0 1 0 0 0 -1 3024.dat
1 4 -20 -256 -90 0 0 -1 0 1 0 1 0 0 3009.dat
1 4 40 -256 -90 0 0 -1 0 1 0 1 0 0 3009.dat
1 4 -40 -240 -90 0 0 -1 0 1 0 1 0 0 3710.dat
1 4 60 -240 -90 0 0 -1 0 1 0 1 0 0 3710.dat
1 0 -60 -240 -80 0 0 -1 0 1 0 1 0 0 3623.dat
1 0 80 -240 -80 0 0 -1 0 1 0 1 0 0 3623.dat
1 4 -100 -256 -90 1 0 0 0 1 0 0 0 1 3002.dat
1 4 120 -256 -90 1 0 0 0 1 0 0 0 1 3002.dat
1 0 -140 -240 -50 0 0 1 0 1 0 -1 0 0 3710.dat
1 0 160 -240 -50 0 0 1 0 1 0 -1 0 0 3710.dat
1 0 -160 -240 -30 0 0 1 0 1 0 -1 0 0 3023.dat
1 0 180 -240 -30 0 0 1 0 1 0 -1 0 0 3023.dat
1 0 170 -248 -20 -1 0 0 0 1 0 0 0 -1 3023.dat
1 0 -150 -248 -20 -1 0 0 0 1 0 0 0 -1 3023.dat
1 0 -140 -248 -40 -1 0 0 0 1 0 0 0 -1 2420.dat
1 0 160 -248 -40 0 0 1 0 1 0 -1 0 0 2420.dat
1 4 -140 -248 -80 0 0 1 0 1 0 -1 0 0 3024.dat
1 4 160 -248 -80 0 0 1 0 1 0 -1 0 0 3024.dat
1 0 -140 -256 -50 0 0 1 0 1 0 -1 0 0 3710.dat
1 0 160 -256 -50 0 0 1 0 1 0 -1 0 0 3710.dat
1 4 -160 -256 -20 0 0 1 0 1 0 -1 0 0 3024.dat
1 4 180 -256 -20 0 0 1 0 1 0 -1 0 0 3024.dat
1 0 180 -256 -40 0 0 1 0 1 0 -1 0 0 3024.dat
1 0 -160 -256 -40 0 0 1 0 1 0 -1 0 0 3024.dat
1 0 -170 -256 90 0 0 1 0 1 0 -1 0 0 3006.dat
1 0 190 -256 90 0 0 1 0 1 0 -1 0 0 3006.dat
1 0 -180 -256 200 0 0 -1 0 1 0 1 0 0 2357.dat
1 0 -140 -256 320 1 0 0 0 1 0 0 0 1 2357.dat
1 0 -120 -256 340 1 0 0 0 1 0 0 0 1 2357.dat
1 0 160 -256 320 0 0 -1 0 1 0 1 0 0 2357.dat
1 0 140 -256 340 0 0 -1 0 1 0 1 0 0 2357.dat
1 0 -80 -256 370 1 0 0 0 1 0 0 0 1 3002.dat
1 0 100 -256 370 1 0 0 0 1 0 0 0 1 3002.dat
1 0 10 -256 390 1 0 0 0 1 0 0 0 1 2456.dat
1 0 200 -256 200 1 0 0 0 1 0 0 0 1 2357.dat
1 0 -150 -256 220 1 0 0 0 1 0 0 0 1 3004.dat
1 0 170 -256 220 1 0 0 0 1 0 0 0 1 3004.dat
1 0 -160 -256 240 1 0 0 0 1 0 0 0 1 3622.dat
1 0 180 -256 240 1 0 0 0 1 0 0 0 1 3622.dat
1 0 -160 -256 270 1 0 0 0 1 0 0 0 1 3002.dat
1 0 180 -256 270 1 0 0 0 1 0 0 0 1 3002.dat
1 0 -130 -256 300 1 0 0 0 1 0 0 0 1 3010.dat
1 0 150 -256 300 1 0 0 0 1 0 0 0 1 3010.dat
1 1 -90 -272 -20 -1 0 0 0 1 0 0 0 -1 3660.dat
1 1 110 -272 -20 -1 0 0 0 1 0 0 0 -1 3660.dat
1 14 -90 -280 -10 -1 0 0 0 1 0 0 0 -1 3022.dat
1 14 110 -280 -10 -1 0 0 0 1 0 0 0 -1 3022.dat
1 4 -20 -280 -90 0 0 -1 0 1 0 1 0 0 3010.dat
1 4 40 -280 -90 0 0 -1 0 1 0 1 0 0 3010.dat
1 14 0 -264 -50 1 0 0 0 1 0 0 0 1 4070.dat
1 14 20 -264 -50 1 0 0 0 1 0 0 0 1 4070.dat
1 0 -50 -248 -80 0 0 1 0 1 0 -1 0 0 3021.dat
1 0 70 -248 -80 0 0 1 0 1 0 -1 0 0 3021.dat
1 0 -40 -256 -80 0 0 1 0 1 0 -1 0 0 3623.dat
1 0 -40 -264 -80 0 0 1 0 1 0 -1 0 0 3623.dat
1 0 60 -256 -80 0 0 1 0 1 0 -1 0 0 3623.dat
1 0 60 -264 -80 0 0 1 0 1 0 -1 0 0 3623.dat
1 4 -90 -264 -90 -1 0 0 0 1 0 0 0 -1 3020.dat
1 4 -150 -264 -10 0 0 -1 0 1 0 1 0 0 3020.dat
1 4 170 -264 -10 0 0 -1 0 1 0 1 0 0 3020.dat
1 4 -180 -264 0 0 0 -1 0 1 0 1 0 0 3024.dat
1 4 200 -264 0 0 0 -1 0 1 0 1 0 0 3024.dat
1 0 200 -264 20 0 0 -1 0 1 0 1 0 0 3024.dat
1 0 -180 -264 20 0 0 -1 0 1 0 1 0 0 3024.dat
1 4 -180 -272 10 0 0 -1 0 1 0 1 0 0 3023.dat
1 4 200 -272 10 0 0 -1 0 1 0 1 0 0 3023.dat
1 4 -160 -272 -10 0 0 -1 0 1 0 1 0 0 3710.dat
1 4 180 -272 -10 0 0 -1 0 1 0 1 0 0 3710.dat
1 4 -180 -280 20 0 0 1 0 1 0 -1 0 0 2420.dat
1 4 200 -280 20 -1 0 0 0 1 0 0 0 -1 2420.dat
1 4 110 -264 -90 -1 0 0 0 1 0 0 0 -1 3020.dat
1 0 -140 -264 -70 0 0 -1 0 1 0 1 0 0 3023.dat
1 0 160 -264 -70 0 0 -1 0 1 0 1 0 0 3023.dat
1 4 80 -256 -80 0 0 1 0 1 0 -1 0 0 3623.dat
1 4 -60 -256 -80 0 0 1 0 1 0 -1 0 0 3623.dat
1 0 -170 -280 70 0 0 1 0 1 0 -1 0 0 3001.dat
1 0 10 -280 410 -1 0 0 0 1 0 0 0 -1 3001.dat
1 4 -70 -272 -70 -1 0 0 0 1 0 0 0 -1 3031.dat
1 4 90 -272 -70 -1 0 0 0 1 0 0 0 -1 3031.dat
1 0 -70 -280 -40 -1 0 0 0 1 0 0 0 -1 3666.dat
1 0 90 -280 -40 -1 0 0 0 1 0 0 0 -1 3666.dat
1 4 -70 -280 -90 -1 0 0 0 1 0 0 0 -1 3020.dat
1 4 90 -280 -90 -1 0 0 0 1 0 0 0 -1 3020.dat
1 0 -120 -272 -80 -1 0 0 0 1 0 0 0 -1 2420.dat
1 0 140 -272 -80 0 0 1 0 1 0 -1 0 0 2420.dat
1 0 -120 -280 -90 0 0 1 0 1 0 -1 0 0 3023.dat
1 0 140 -280 -90 0 0 1 0 1 0 -1 0 0 3023.dat
1 4 -140 -288 -10 0 0 1 0 1 0 -1 0 0 3009.dat
1 4 160 -288 -10 0 0 1 0 1 0 -1 0 0 3009.dat
1 4 -160 -296 -10 0 0 1 0 1 0 -1 0 0 3004.dat
1 4 180 -296 -10 0 0 1 0 1 0 -1 0 0 3004.dat
1 4 -170 -304 30 0 0 1 0 1 0 -1 0 0 3003.dat
1 4 190 -304 30 0 0 1 0 1 0 -1 0 0 3003.dat
1 0 -170 -288 240 -1 0 0 0 1 0 0 0 -1 3023.dat
1 0 190 -288 240 -1 0 0 0 1 0 0 0 -1 3023.dat
1 0 190 -280 70 0 0 1 0 1 0 -1 0 0 3001.dat
1 0 190 -280 140 0 0 1 0 1 0 -1 0 0 3002.dat
1 0 -170 -280 140 0 0 1 0 1 0 -1 0 0 3002.dat
1 0 -170 -280 260 0 0 1 0 1 0 -1 0 0 3002.dat
1 0 -60 -280 390 -1 0 0 0 1 0 0 0 -1 3002.dat
1 0 80 -280 390 -1 0 0 0 1 0 0 0 -1 3002.dat
1 0 190 -280 260 0 0 1 0 1 0 -1 0 0 3002.dat
1 0 -150 -280 310 0 0 1 0 1 0 -1 0 0 3003.dat
1 0 170 -280 310 0 0 1 0 1 0 -1 0 0 3003.dat
1 0 -120 -280 340 0 0 -1 0 1 0 1 0 0 2357.dat
1 0 140 -280 340 1 0 0 0 1 0 0 0 1 2357.dat
1 0 -100 -280 360 0 0 1 0 1 0 -1 0 0 3622.dat
1 0 120 -280 360 0 0 1 0 1 0 -1 0 0 3622.dat
1 0 -180 -264 200 -1 0 0 0 1 0 0 0 -1 2420.dat
1 0 200 -264 200 0 0 1 0 1 0 -1 0 0 2420.dat
1 0 -190 -264 220 -1 0 0 0 1 0 0 0 -1 3710.dat
1 0 210 -264 220 -1 0 0 0 1 0 0 0 -1 3710.dat
1 0 -200 -288 220 -1 0 0 0 1 0 0 0 -1 2357.dat
1 0 220 -288 220 0 0 1 0 1 0 -1 0 0 2357.dat
1 0 -180 -272 200 0 0 1 0 1 0 -1 0 0 3623.dat
1 0 200 -272 200 0 0 1 0 1 0 -1 0 0 3623.dat
1 4 -20 -304 -90 0 0 1 0 1 0 -1 0 0 3004.dat
1 4 40 -304 -90 0 0 1 0 1 0 -1 0 0 3004.dat
1 0 10 -304 -50 -1 0 0 0 1 0 0 0 -1 3001.dat
1 4 60 -288 -60 0 0 -1 0 1 0 1 0 0 3623.dat
1 4 -40 -288 -60 0 0 -1 0 1 0 1 0 0 3623.dat
1 4 -40 -296 -60 0 0 -1 0 1 0 1 0 0 3623.dat
1 4 60 -296 -60 0 0 -1 0 1 0 1 0 0 3623.dat
1 0 80 -288 -50 0 0 -1 0 1 0 1 0 0 3666.dat
1 0 120 -288 -50 0 0 -1 0 1 0 1 0 0 3666.dat
1 0 -60 -288 -50 0 0 -1 0 1 0 1 0 0 3666.dat
1 0 -100 -288 -50 0 0 -1 0 1 0 1 0 0 3666.dat
1 0 140 -288 -60 0 0 -1 0 1 0 1 0 0 3623.dat
1 0 -120 -288 -60 0 0 -1 0 1 0 1 0 0 3623.dat
1 0 200 -304 110 0 0 -1 0 1 0 1 0 0 3009.dat
1 0 -180 -304 110 0 0 -1 0 1 0 1 0 0 3009.dat
1 0 -160 -304 130 0 0 -1 0 1 0 1 0 0 3008.dat
1 0 180 -304 130 0 0 -1 0 1 0 1 0 0 3008.dat
1 0 220 -312 200 0 0 -1 0 1 0 1 0 0 3005.dat
1 0 -200 -312 200 0 0 -1 0 1 0 1 0 0 3005.dat
1 0 -190 -296 230 1 0 0 0 1 0 0 0 1 3020.dat
1 0 210 -296 230 1 0 0 0 1 0 0 0 1 3020.dat
1 0 -160 -304 230 0 0 1 0 1 0 -1 0 0 3023.dat
1 0 180 -304 230 0 0 1 0 1 0 -1 0 0 3023.dat
1 4 -80 -288 -50 0 0 -1 0 1 0 1 0 0 3666.dat
1 4 100 -288 -50 0 0 -1 0 1 0 1 0 0 3666.dat
1 0 -180 -304 270 0 0 -1 0 1 0 1 0 0 3004.dat
1 0 -90 -304 400 1 0 0 0 1 0 0 0 1 3004.dat
1 0 110 -304 400 1 0 0 0 1 0 0 0 1 3004.dat
1 0 10 -304 410 1 0 0 0 1 0 0 0 1 3007.dat
1 0 200 -304 270 0 0 -1 0 1 0 1 0 0 3004.dat
1 0 -150 -304 290 0 0 -1 0 1 0 1 0 0 3001.dat
1 0 -90 -304 370 1 0 0 0 1 0 0 0 1 3001.dat
1 0 110 -304 370 1 0 0 0 1 0 0 0 1 3001.dat
1 0 170 -304 290 0 0 -1 0 1 0 1 0 0 3001.dat
1 0 -110 -304 340 1 0 0 0 1 0 0 0 1 3010.dat
1 0 130 -304 340 1 0 0 0 1 0 0 0 1 3010.dat
1 4 -20 -312 -60 0 0 1 0 1 0 -1 0 0 3623.dat
1 4 40 -312 -60 0 0 1 0 1 0 -1 0 0 3623.dat
1 4 40 -320 -60 0 0 1 0 1 0 -1 0 0 3623.dat
1 4 -20 -320 -60 0 0 1 0 1 0 -1 0 0 3623.dat
1 0 60 -320 -30 0 0 1 0 1 0 -1 0 0 3004.dat
1 0 -40 -320 -30 0 0 1 0 1 0 -1 0 0 3004.dat
1 0 110 -296 -50 0 0 1 0 1 0 -1 0 0 3031.dat
1 0 -90 -296 -50 0 0 1 0 1 0 -1 0 0 3031.dat
1 0 90 -304 -70 -1 0 0 0 1 0 0 0 -1 3020.dat
1 0 -70 -304 -70 -1 0 0 0 1 0 0 0 -1 3020.dat
1 0 70 -312 -70 -1 0 0 0 1 0 0 0 -1 3022.dat
1 0 -50 -312 -70 -1 0 0 0 1 0 0 0 -1 3022.dat
1 0 110 -312 -60 -1 0 0 0 1 0 0 0 -1 3023.dat
1 0 -90 -312 -60 -1 0 0 0 1 0 0 0 -1 3023.dat
1 0 70 -320 -60 -1 0 0 0 1 0 0 0 -1 3023.dat
1 0 -50 -320 -60 -1 0 0 0 1 0 0 0 -1 3023.dat
1 0 120 -320 -60 -1 0 0 0 1 0 0 0 -1 3024.dat
1 0 -100 -320 -60 -1 0 0 0 1 0 0 0 -1 3024.dat
1 4 160 -296 -10 0 0 -1 0 1 0 1 0 0 3710.dat
1 4 -140 -296 -10 0 0 -1 0 1 0 1 0 0 3710.dat
1 4 160 -304 0 1 0 0 0 1 0 0 0 1 2420.dat
1 4 180 -312 20 0 0 1 0 1 0 -1 0 0 2420.dat
1 4 -160 -312 20 -1 0 0 0 1 0 0 0 -1 2420.dat
1 0 160 -312 10 0 0 -1 0 1 0 1 0 0 3023.dat
1 0 -140 -312 10 0 0 -1 0 1 0 1 0 0 3023.dat
1 0 160 -320 0 1 0 0 0 1 0 0 0 1 2420.dat
1 0 -140 -320 0 0 0 -1 0 1 0 1 0 0 2420.dat
1 4 190 -320 20 1 0 0 0 1 0 0 0 1 3023.dat
1 4 -170 -320 20 1 0 0 0 1 0 0 0 1 3023.dat
1 4 -140 -304 0 0 0 -1 0 1 0 1 0 0 2420.dat
1 0 50 -328 -40 0 0 -1 0 1 0 1 0 0 3021.dat
1 0 -30 -328 -40 0 0 -1 0 1 0 1 0 0 3021.dat
1 15 60 -336 -30 0 0 -1 0 1 0 1 0 0 3023.dat
1 15 -40 -336 -30 0 0 -1 0 1 0 1 0 0 3023.dat
1 15 -40 -344 -30 0 0 -1 0 1 0 1 0 0 3023.dat
1 15 60 -344 -30 0 0 -1 0 1 0 1 0 0 3023.dat
1 0 60 -352 -30 0 0 -1 0 1 0 1 0 0 3023.dat
1 0 -40 -352 -30 0 0 -1 0 1 0 1 0 0 3023.dat
1 0 40 -352 -40 0 0 -1 0 1 0 1 0 0 3622.dat
1 0 -20 -352 -40 0 0 -1 0 1 0 1 0 0 3622.dat
1 0 60 -360 -40 0 0 -1 0 1 0 1 0 0 3623.dat
1 0 -40 -360 -40 0 0 -1 0 1 0 1 0 0 3623.dat
1 0 140 -320 -40 0 0 -1 0 1 0 1 0 0 3622.dat
1 0 -120 -320 -40 0 0 -1 0 1 0 1 0 0 3622.dat
1 0 140 -328 -40 0 0 -1 0 1 0 1 0 0 3623.dat
1 0 -120 -328 -40 0 0 -1 0 1 0 1 0 0 3623.dat
1 4 140 -336 -30 0 0 -1 0 1 0 1 0 0 3023.dat
1 4 -120 -336 -30 0 0 -1 0 1 0 1 0 0 3023.dat
1 19 -120 -344 -30 0 0 -1 0 1 0 1 0 0 3023.dat
1 19 140 -344 -30 0 0 -1 0 1 0 1 0 0 3023.dat
1 19 140 -352 -30 0 0 -1 0 1 0 1 0 0 3023.dat
1 19 -120 -352 -30 0 0 -1 0 1 0 1 0 0 3023.dat
1 0 160 -320 -30 0 0 -1 0 1 0 1 0 0 3004.dat
1 0 -140 -320 -30 0 0 -1 0 1 0 1 0 0 3004.dat
1 0 160 -328 -30 0 0 -1 0 1 0 1 0 0 3023.dat
1 0 160 -336 -10 0 0 -1 0 1 0 1 0 0 3710.dat
1 0 -140 -336 -10 0 0 -1 0 1 0 1 0 0 3710.dat
1 4 180 -336 20 0 0 -1 0 1 0 1 0 0 3623.dat
1 4 -160 -336 20 0 0 -1 0 1 0 1 0 0 3623.dat
1 0 200 -336 30 0 0 -1 0 1 0 1 0 0 3023.dat
1 0 -180 -336 30 0 0 -1 0 1 0 1 0 0 3023.dat
1 0 190 -336 70 0 0 -1 0 1 0 1 0 0 3022.dat
1 0 -170 -336 70 0 0 -1 0 1 0 1 0 0 3022.dat
1 0 190 -344 60 0 0 -1 0 1 0 1 0 0 3021.dat
1 0 -170 -344 60 0 0 -1 0 1 0 1 0 0 3021.dat
1 0 180 -344 20 1 0 0 0 1 0 0 0 1 3623.dat
1 0 -160 -344 20 1 0 0 0 1 0 0 0 1 3623.dat
1 0 160 -344 -10 0 0 1 0 1 0 -1 0 0 3023.dat
1 0 190 -352 80 -1 0 0 0 1 0 0 0 -1 3023.dat
1 0 -170 -352 80 -1 0 0 0 1 0 0 0 -1 3023.dat
1 0 -140 -344 -10 0 0 1 0 1 0 -1 0 0 3023.dat
1 0 -140 -328 -30 0 0 -1 0 1 0 1 0 0 3023.dat
1 0 170 -328 0 1 0 0 0 1 0 0 0 1 3023.dat
1 0 -150 -328 0 1 0 0 0 1 0 0 0 1 3023.dat
1 0 180 -328 20 1 0 0 0 1 0 0 0 1 3623.dat
1 0 -160 -328 20 1 0 0 0 1 0 0 0 1 3623.dat
1 0 190 -328 70 0 0 1 0 1 0 -1 0 0 3001.dat
1 0 -170 -328 70 0 0 1 0 1 0 -1 0 0 3001.dat
1 0 -170 -328 140 0 0 1 0 1 0 -1 0 0 3002.dat
1 0 190 -328 140 0 0 1 0 1 0 -1 0 0 3002.dat
1 0 180 -328 210 0 0 1 0 1 0 -1 0 0 3010.dat
1 0 -160 -328 210 0 0 1 0 1 0 -1 0 0 3010.dat
1 0 220 -320 240 0 0 1 0 1 0 -1 0 0 2357.dat
1 0 -200 -320 240 -1 0 0 0 1 0 0 0 -1 2357.dat
1 0 -200 -328 240 -1 0 0 0 1 0 0 0 -1 2420.dat
1 0 220 -328 240 0 0 1 0 1 0 -1 0 0 2420.dat
1 0 190 -328 270 0 0 1 0 1 0 -1 0 0 3003.dat
1 0 -170 -328 270 0 0 1 0 1 0 -1 0 0 3003.dat
1 0 180 -328 310 0 0 1 0 1 0 -1 0 0 3004.dat
1 0 -160 -328 310 0 0 1 0 1 0 -1 0 0 3004.dat
1 0 160 -328 310 0 0 1 0 1 0 -1 0 0 3009.dat
1 0 -140 -328 310 0 0 1 0 1 0 -1 0 0 3009.dat
1 0 -120 -328 360 0 0 1 0 1 0 -1 0 0 3622.dat
1 0 140 -328 360 0 0 1 0 1 0 -1 0 0 3622.dat
1 0 -90 -328 370 0 0 1 0 1 0 -1 0 0 3001.dat
1 0 110 -328 370 0 0 1 0 1 0 -1 0 0 3001.dat
1 0 70 -328 390 0 0 1 0 1 0 -1 0 0 3001.dat
1 0 -50 -328 390 0 0 1 0 1 0 -1 0 0 3001.dat
1 0 10 -328 430 -1 0 0 0 1 0 0 0 -1 3001.dat
1 4 -80 -320 -30 -1 0 0 0 1 0 0 0 -1 3002.dat
1 4 100 -320 -30 -1 0 0 0 1 0 0 0 -1 3002.dat
1 4 -100 -328 -30 0 0 -1 0 1 0 1 0 0 3023.dat
1 14 -100 -352 -30 0 0 -1 0 1 0 1 0 0 3004.dat
1 14 -60 -352 -30 0 0 -1 0 1 0 1 0 0 3004.dat
1 14 80 -352 -30 0 0 -1 0 1 0 1 0 0 3004.dat
1 14 120 -352 -30 0 0 -1 0 1 0 1 0 0 3004.dat
1 14 -80 -328 -30 0 0 -1 0 1 0 1 0 0 3023.dat
1 14 100 -328 -30 0 0 -1 0 1 0 1 0 0 3023.dat
1 15 -80 -352 -20 1 0 0 0 1 0 0 0 1 6541.dat
1 15 100 -352 -20 1 0 0 0 1 0 0 0 1 6541.dat
1 14 -80 -352 -40 1 0 0 0 1 0 0 0 1 4070.dat
1 14 -80 -342 -58 1 0 0 0 0 -1 0 1 0 4740.dat
1 38 -80 -342 -66 1 0 0 0 0 -1 0 1 0 4740.dat
1 38 100 -342 -66 1 0 0 0 0 -1 0 1 0 4740.dat
1 14 100 -342 -58 1 0 0 0 0 -1 0 1 0 4740.dat
1 14 100 -352 -40 1 0 0 0 1 0 0 0 1 4070.dat
1 0 -80 -342 18 1 0 0 0 0 -1 0 1 0 3957a.dat
1 0 100 -342 18 1 0 0 0 0 -1 0 1 0 3957a.dat
1 4 -60 -328 -30 0 0 -1 0 1 0 1 0 0 3023.dat
1 4 80 -328 -30 0 0 -1 0 1 0 1 0 0 3023.dat
1 4 120 -328 -30 0 0 -1 0 1 0 1 0 0 3023.dat
1 4 -100 -360 -30 0 0 -1 0 1 0 1 0 0 3023.dat
1 4 -60 -360 -30 0 0 -1 0 1 0 1 0 0 3023.dat
1 4 80 -360 -30 0 0 -1 0 1 0 1 0 0 3023.dat
1 4 120 -360 -30 0 0 -1 0 1 0 1 0 0 3023.dat
1 14 100 -360 -30 0 0 -1 0 1 0 1 0 0 3023.dat
1 14 -80 -360 -30 0 0 -1 0 1 0 1 0 0 3023.dat
1 0 190 -352 120 0 0 -1 0 1 0 1 0 0 3002.dat
1 0 200 -376 120 0 0 -1 0 1 0 1 0 0 3622.dat
1 0 200 -376 280 0 0 -1 0 1 0 1 0 0 3622.dat
1 0 180 -376 320 0 0 -1 0 1 0 1 0 0 3622.dat
1 0 -160 -376 320 0 0 -1 0 1 0 1 0 0 3622.dat
1 0 150 -376 350 0 0 -1 0 1 0 1 0 0 3001.dat
1 0 -130 -376 350 0 0 -1 0 1 0 1 0 0 3001.dat
1 0 -90 -376 400 1 0 0 0 1 0 0 0 1 3010.dat
1 0 110 -376 400 1 0 0 0 1 0 0 0 1 3010.dat
1 0 10 -376 420 1 0 0 0 1 0 0 0 1 6111.dat
1 0 10 -376 440 1 0 0 0 1 0 0 0 1 3009.dat
1 0 -180 -376 280 0 0 -1 0 1 0 1 0 0 3622.dat
1 0 -180 -376 120 0 0 -1 0 1 0 1 0 0 3622.dat
1 0 -160 -376 190 0 0 -1 0 1 0 1 0 0 6111.dat
1 0 180 -376 190 0 0 -1 0 1 0 1 0 0 6111.dat
1 0 -170 -352 120 0 0 -1 0 1 0 1 0 0 3002.dat
1 0 200 -336 160 1 0 0 0 1 0 0 0 1 3623.dat
1 0 -180 -336 160 1 0 0 0 1 0 0 0 1 3623.dat
1 0 190 -336 190 1 0 0 0 1 0 0 0 1 3022.dat
1 0 -170 -336 190 1 0 0 0 1 0 0 0 1 3022.dat
1 0 200 -344 170 1 0 0 0 1 0 0 0 1 3021.dat
1 0 -180 -344 170 1 0 0 0 1 0 0 0 1 3021.dat
1 0 190 -344 200 1 0 0 0 1 0 0 0 1 3023.dat
1 0 -170 -344 200 1 0 0 0 1 0 0 0 1 3023.dat
1 0 210 -352 180 0 0 1 0 1 0 -1 0 0 3021.dat
1 0 -190 -352 180 0 0 1 0 1 0 -1 0 0 3021.dat
1 0 180 -352 180 0 0 1 0 1 0 -1 0 0 3623.dat
1 0 -160 -352 180 0 0 1 0 1 0 -1 0 0 3623.dat
1 0 -180 -352 220 -1 0 0 0 1 0 0 0 -1 3622.dat
1 0 210 -352 240 -1 0 0 0 1 0 0 0 -1 3010.dat
1 0 -190 -352 240 -1 0 0 0 1 0 0 0 -1 3010.dat
1 0 190 -352 280 0 0 -1 0 1 0 1 0 0 3002.dat
1 0 -170 -352 280 0 0 -1 0 1 0 1 0 0 3002.dat
1 0 -130 -352 330 1 0 0 0 1 0 0 0 1 3001.dat
1 0 150 -352 330 1 0 0 0 1 0 0 0 1 3001.dat
1 0 150 -352 360 1 0 0 0 1 0 0 0 1 3004.dat
1 0 -130 -352 360 1 0 0 0 1 0 0 0 1 3004.dat
1 0 130 -352 390 1 0 0 0 1 0 0 0 1 3003.dat
1 0 -110 -352 390 1 0 0 0 1 0 0 0 1 3003.dat
1 0 -70 -352 410 1 0 0 0 1 0 0 0 1 3003.dat
1 0 90 -352 410 1 0 0 0 1 0 0 0 1 3003.dat
1 0 10 -352 430 1 0 0 0 1 0 0 0 1 2456.dat
1 0 -20 -376 -60 0 0 1 0 1 0 -1 0 0 3622.dat
1 0 40 -376 -60 0 0 1 0 1 0 -1 0 0 3622.dat
1 0 70 -368 -40 0 0 1 0 1 0 -1 0 0 3021.dat
1 0 -100 -368 -30 -1 0 0 0 1 0 0 0 -1 3021.dat
1 0 120 -368 -30 -1 0 0 0 1 0 0 0 -1 3021.dat
1 0 60 -376 -50 0 0 -1 0 1 0 1 0 0 3710.dat
1 0 -40 -376 -50 0 0 -1 0 1 0 1 0 0 3710.dat
1 0 110 -376 -20 1 0 0 0 1 0 0 0 1 3710.dat
1 0 -90 -376 -20 1 0 0 0 1 0 0 0 1 3710.dat
1 0 110 -376 -50 1 0 0 0 1 0 0 0 1 3020.dat
1 0 -90 -376 -50 1 0 0 0 1 0 0 0 1 3020.dat
1 4 40 -384 -60 0 0 1 0 1 0 -1 0 0 3623.dat
1 0 60 -384 -50 0 0 1 0 1 0 -1 0 0 3710.dat
1 0 -40 -384 -50 0 0 1 0 1 0 -1 0 0 3710.dat
1 4 50 -392 -50 0 0 1 0 1 0 -1 0 0 3020.dat
1 4 -30 -392 -50 0 0 1 0 1 0 -1 0 0 3020.dat
1 4 60 -400 -60 0 0 1 0 1 0 -1 0 0 3623.dat
1 4 -40 -400 -60 0 0 1 0 1 0 -1 0 0 3623.dat
1 4 40 -416 -70 0 0 1 0 1 0 -1 0 0 3010.dat
1 0 60 -424 -70 0 0 1 0 1 0 -1 0 0 3010.dat
1 4 80 -424 -70 0 0 1 0 1 0 -1 0 0 3010.dat
1 0 110 -408 -30 0 0 1 0 1 0 -1 0 0 3020.dat
1 0 -90 -408 -30 0 0 1 0 1 0 -1 0 0 3020.dat
1 0 140 -408 -30 0 0 1 0 1 0 -1 0 0 3710.dat
1 0 -120 -408 -30 0 0 1 0 1 0 -1 0 0 3710.dat
1 0 120 -408 -80 -1 0 0 0 1 0 0 0 -1 3623.dat
1 0 -100 -408 -80 -1 0 0 0 1 0 0 0 -1 3623.dat
1 0 120 -416 -70 -1 0 0 0 1 0 0 0 -1 3021.dat
1 0 -100 -416 -70 -1 0 0 0 1 0 0 0 -1 3021.dat
1 0 120 -424 -70 0 0 -1 0 1 0 1 0 0 3023.dat
1 0 -100 -424 -70 0 0 -1 0 1 0 1 0 0 3023.dat
1 4 100 -424 -80 0 0 -1 0 1 0 1 0 0 3623.dat
1 4 -80 -424 -80 0 0 -1 0 1 0 1 0 0 3623.dat
1 4 100 -432 -80 0 0 1 0 1 0 -1 0 0 2420.dat
1 4 140 -440 -70 0 0 1 0 1 0 -1 0 0 3004.dat
1 4 -120 -440 -70 0 0 1 0 1 0 -1 0 0 3004.dat
1 4 170 -408 0 0 0 1 0 1 0 -1 0 0 3002.dat
1 4 -150 -408 0 0 0 1 0 1 0 -1 0 0 3002.dat
1 0 200 -408 20 0 0 1 0 1 0 -1 0 0 3005.dat
1 0 -180 -408 20 0 0 1 0 1 0 -1 0 0 3005.dat
1 0 160 -392 -40 0 0 1 0 1 0 -1 0 0 3024.dat
1 4 160 -400 -40 0 0 1 0 1 0 -1 0 0 3024.dat
1 4 -140 -400 -40 0 0 1 0 1 0 -1 0 0 3024.dat
1 4 160 -408 -50 0 0 1 0 1 0 -1 0 0 3023.dat
1 4 -140 -408 -50 0 0 1 0 1 0 -1 0 0 3023.dat
1 0 190 -400 190 0 0 1 0 1 0 -1 0 0 3006.dat
1 0 -170 -400 190 0 0 1 0 1 0 -1 0 0 3006.dat
1 0 180 -400 300 1 0 0 0 1 0 0 0 1 2357.dat
1 0 140 -400 380 1 0 0 0 1 0 0 0 1 2357.dat
1 0 120 -400 400 1 0 0 0 1 0 0 0 1 3005.dat
1 0 -100 -400 400 1 0 0 0 1 0 0 0 1 3005.dat
1 0 90 -400 410 1 0 0 0 1 0 0 0 1 3003.dat
1 0 -70 -400 410 1 0 0 0 1 0 0 0 1 3003.dat
1 0 10 -400 430 1 0 0 0 1 0 0 0 1 2456.dat
1 0 -160 -400 300 0 0 -1 0 1 0 1 0 0 2357.dat
1 0 -120 -400 380 0 0 -1 0 1 0 1 0 0 2357.dat
1 0 150 -400 350 1 0 0 0 1 0 0 0 1 3001.dat
1 0 -130 -400 350 1 0 0 0 1 0 0 0 1 3001.dat
1 0 -140 -392 -40 0 0 1 0 1 0 -1 0 0 3024.dat
1 4 -80 -432 -80 -1 0 0 0 1 0 0 0 -1 2420.dat
1 4 -60 -424 -70 0 0 1 0 1 0 -1 0 0 3010.dat
1 0 -40 -424 -70 0 0 1 0 1 0 -1 0 0 3010.dat
1 0 -20 -440 -70 0 0 1 0 1 0 -1 0 0 3010.dat
1 0 40 -440 -70 0 0 1 0 1 0 -1 0 0 3010.dat
1 4 -50 -432 -90 0 0 1 0 1 0 -1 0 0 3022.dat
1 15 10 -432 0 -1 0 0 0 1 0 0 0 -1 3703.dat
1 15 10 -432 20 -1 0 0 0 1 0 0 0 -1 3703.dat
1 15 10 -544 60 -1 0 0 0 1 0 0 0 -1 3703.dat
1 14 10 -624 140 -1 0 0 0 1 0 0 0 -1 3245b.dat
1 0 10 -616 100 -1 0 0 0 1 0 0 0 -1 32018.dat
1 4 130 -616 150 0 0 -1 0 1 0 1 0 0 3001.dat
1 4 130 -616 220 0 0 -1 0 1 0 1 0 0 3002.dat
1 4 -110 -616 220 0 0 -1 0 1 0 1 0 0 3002.dat
1 0 -80 -616 250 0 0 -1 0 1 0 1 0 0 3008.dat
1 0 100 -616 250 0 0 -1 0 1 0 1 0 0 3008.dat
1 0 140 -616 260 0 0 -1 0 1 0 1 0 0 2357.dat
1 0 -120 -616 260 1 0 0 0 1 0 0 0 1 2357.dat
1 0 -100 -616 300 0 0 1 0 1 0 -1 0 0 3622.dat
1 0 -100 -616 300 0 0 1 0 1 0 -1 0 0 3622.dat
1 0 120 -616 300 0 0 1 0 1 0 -1 0 0 3622.dat
1 0 70 -616 310 0 0 1 0 1 0 -1 0 0 3001.dat
1 0 -50 -616 310 0 0 1 0 1 0 -1 0 0 3001.dat
1 4 10 -600 340 -1 0 0 0 1 0 0 0 -1 3710.dat
1 4 10 -608 340 -1 0 0 0 1 0 0 0 -1 3710.dat
1 4 -110 -616 150 0 0 -1 0 1 0 1 0 0 3001.dat
1 4 160 -600 170 0 0 -1 0 1 0 1 0 0 3666.dat
1 4 -140 -600 170 0 0 -1 0 1 0 1 0 0 3666.dat
1 0 10 -616 70 -1 0 0 0 1 0 0 0 -1 2445.dat
1 0 10 -616 40 -1 0 0 0 1 0 0 0 -1 3666.dat
1 4 -60 -616 30 0 0 -1 0 1 0 1 0 0 3023.dat
1 4 80 -616 30 0 0 -1 0 1 0 1 0 0 3023.dat
1 0 -80 -616 40 0 0 -1 0 1 0 1 0 0 3024.dat
1 0 100 -616 40 0 0 -1 0 1 0 1 0 0 3024.dat
1 0 10 -608 20 1 0 0 0 1 0 0 0 1 3710.dat
1 15 10 -568 140 -1 0 0 0 1 0 0 0 -1 3703.dat
1 0 -170 -416 50 0 0 -1 0 1 0 1 0 0 3020.dat
1 0 190 -416 50 0 0 -1 0 1 0 1 0 0 3020.dat
1 0 190 -424 60 0 0 -1 0 1 0 1 0 0 3021.dat
1 0 -170 -424 60 0 0 -1 0 1 0 1 0 0 3021.dat
1 4 190 -424 20 1 0 0 0 1 0 0 0 1 3023.dat
1 4 190 -432 20 1 0 0 0 1 0 0 0 1 3023.dat
1 4 -170 -432 20 1 0 0 0 1 0 0 0 1 3023.dat
1 0 -170 -432 50 1 0 0 0 1 0 0 0 1 3022.dat
1 0 190 -432 50 1 0 0 0 1 0 0 0 1 3022.dat
1 0 190 -424 120 0 0 1 0 1 0 -1 0 0 3002.dat
1 0 190 -448 130 0 0 1 0 1 0 -1 0 0 2456.dat
1 0 -170 -448 130 0 0 1 0 1 0 -1 0 0 2456.dat
1 0 -120 -448 350 -1 0 0 0 1 0 0 0 -1 3002.dat
1 0 140 -448 350 -1 0 0 0 1 0 0 0 -1 3002.dat
1 0 -110 -448 380 -1 0 0 0 1 0 0 0 -1 3010.dat
1 0 -80 -432 400 0 0 -1 0 1 0 1 0 0 2420.dat
1 4 -80 -440 400 0 0 -1 0 1 0 1 0 0 2420.dat
1 4 -80 -448 400 0 0 -1 0 1 0 1 0 0 2420.dat
1 0 100 -432 400 1 0 0 0 1 0 0 0 1 2420.dat
1 4 100 -440 400 1 0 0 0 1 0 0 0 1 2420.dat
1 4 100 -448 400 1 0 0 0 1 0 0 0 1 2420.dat
1 0 130 -448 380 -1 0 0 0 1 0 0 0 -1 3010.dat
1 0 140 -448 400 -1 0 0 0 1 0 0 0 -1 3005.dat
1 0 80 -448 420 -1 0 0 0 1 0 0 0 -1 3005.dat
1 0 -60 -448 420 -1 0 0 0 1 0 0 0 -1 3005.dat
1 0 10 -448 430 -1 0 0 0 1 0 0 0 -1 2456.dat
1 0 -120 -448 400 -1 0 0 0 1 0 0 0 -1 3005.dat
1 0 200 -448 250 0 0 1 0 1 0 -1 0 0 3009.dat
1 0 -180 -448 250 0 0 1 0 1 0 -1 0 0 3009.dat
1 0 -160 -448 290 0 0 1 0 1 0 -1 0 0 3008.dat
1 0 180 -448 290 0 0 1 0 1 0 -1 0 0 3008.dat
1 0 170 -424 340 0 0 1 0 1 0 -1 0 0 3002.dat
1 0 -150 -424 340 0 0 1 0 1 0 -1 0 0 3002.dat
1 0 -90 -424 380 0 0 1 0 1 0 -1 0 0 3002.dat
1 0 110 -424 380 0 0 1 0 1 0 -1 0 0 3002.dat
1 0 10 -424 420 -1 0 0 0 1 0 0 0 -1 6111.dat
1 0 10 -424 440 -1 0 0 0 1 0 0 0 -1 3009.dat
1 0 160 -424 380 0 0 1 0 1 0 -1 0 0 3005.dat
1 0 -140 -424 380 0 0 1 0 1 0 -1 0 0 3005.dat
1 0 -120 -424 370 0 0 1 0 1 0 -1 0 0 3010.dat
1 0 140 -424 370 0 0 1 0 1 0 -1 0 0 3010.dat
1 0 -170 -424 120 0 0 1 0 1 0 -1 0 0 3002.dat
1 0 190 -424 230 0 0 1 0 1 0 -1 0 0 3007.dat
1 0 -170 -424 230 0 0 1 0 1 0 -1 0 0 3007.dat
1 4 -170 -424 20 1 0 0 0 1 0 0 0 1 3023.dat
1 4 70 -432 -90 0 0 1 0 1 0 -1 0 0 3022.dat
1 4 80 -440 -90 -1 0 0 0 1 0 0 0 -1 3021.dat
1 4 -60 -440 -90 -1 0 0 0 1 0 0 0 -1 3021.dat
1 4 140 -448 -80 -1 0 0 0 1 0 0 0 -1 3024.dat
1 4 -120 -448 -80 -1 0 0 0 1 0 0 0 -1 3024.dat
1 4 170 -456 0 0 0 -1 0 1 0 1 0 0 3002.dat
1 4 190 -440 50 0 0 -1 0 1 0 1 0 0 3022.dat
1 4 -170 -440 50 0 0 -1 0 1 0 1 0 0 3022.dat
1 4 -170 -448 50 0 0 -1 0 1 0 1 0 0 3022.dat
1 4 190 -448 50 0 0 -1 0 1 0 1 0 0 3022.dat
1 4 -150 -456 0 0 0 -1 0 1 0 1 0 0 3002.dat
1 4 200 -456 20 0 0 -1 0 1 0 1 0 0 3005.dat
1 4 -180 -456 20 0 0 -1 0 1 0 1 0 0 3005.dat
1 0 130 -456 10 0 0 -1 0 1 0 1 0 0 3003.dat
1 0 -110 -456 10 0 0 -1 0 1 0 1 0 0 3003.dat
1 0 -30 -464 -30 0 0 -1 0 1 0 1 0 0 3007.dat
1 0 50 -464 -30 0 0 -1 0 1 0 1 0 0 3007.dat
1 4 90 -464 -90 0 0 -1 0 1 0 1 0 0 3003.dat
1 4 40 -488 -80 0 0 -1 0 1 0 1 0 0 3622.dat
1 4 -20 -488 -80 0 0 -1 0 1 0 1 0 0 3622.dat
1 0 60 -488 -80 0 0 1 0 1 0 -1 0 0 2357.dat
1 0 -40 -488 -80 -1 0 0 0 1 0 0 0 -1 2357.dat
1 4 80 -472 -100 -1 0 0 0 1 0 0 0 -1 3024.dat
1 4 -60 -472 -100 -1 0 0 0 1 0 0 0 -1 3024.dat
1 4 -60 -480 -100 -1 0 0 0 1 0 0 0 -1 3024.dat
1 4 80 -480 -100 -1 0 0 0 1 0 0 0 -1 3024.dat
1 4 100 -472 -80 1 0 0 0 1 0 0 0 1 2420.dat
1 4 100 -480 -80 1 0 0 0 1 0 0 0 1 2420.dat
1 4 100 -488 -70 0 0 1 0 1 0 -1 0 0 3023.dat
1 4 -80 -488 -70 0 0 1 0 1 0 -1 0 0 3023.dat
1 0 120 -488 -80 0 0 1 0 1 0 -1 0 0 3024.dat
1 0 -100 -488 -80 0 0 1 0 1 0 -1 0 0 3024.dat
1 4 130 -488 -30 0 0 1 0 1 0 -1 0 0 3001.dat
1 4 190 -472 70 0 0 1 0 1 0 -1 0 0 3001.dat
1 4 -170 -472 70 0 0 1 0 1 0 -1 0 0 3001.dat
1 0 -170 -472 140 0 0 1 0 1 0 -1 0 0 3002.dat
1 0 190 -472 140 0 0 1 0 1 0 -1 0 0 3002.dat
1 0 170 -472 320 0 0 1 0 1 0 -1 0 0 3002.dat
1 0 -150 -472 320 0 0 1 0 1 0 -1 0 0 3002.dat
1 0 -130 -472 370 0 0 1 0 1 0 -1 0 0 3003.dat
1 6 110 -472 420 -1 0 0 0 1 0 0 0 -1 3004.dat
1 6 -90 -472 420 -1 0 0 0 1 0 0 0 -1 3004.dat
1 4 80 -472 400 1 0 0 0 1 0 0 0 1 2357.dat
1 4 -60 -472 400 0 0 -1 0 1 0 1 0 0 2357.dat
1 0 10 -472 420 1 0 0 0 1 0 0 0 1 3009.dat
1 0 10 -472 440 1 0 0 0 1 0 0 0 1 3010.dat
1 0 150 -472 370 0 0 1 0 1 0 -1 0 0 3003.dat
1 4 120 -456 380 0 0 -1 0 1 0 1 0 0 2420.dat
1 0 110 -464 380 1 0 0 0 1 0 0 0 1 3023.dat
1 0 -90 -464 380 1 0 0 0 1 0 0 0 1 3023.dat
1 4 -90 -472 380 1 0 0 0 1 0 0 0 1 3023.dat
1 4 110 -472 380 1 0 0 0 1 0 0 0 1 3023.dat
1 4 -100 -512 400 1 0 0 0 1 0 0 0 1 3024.dat
1 4 120 -512 400 1 0 0 0 1 0 0 0 1 3024.dat
1 6 120 -480 400 0 0 -1 0 1 0 1 0 0 3005.dat
1 6 -100 -480 400 0 0 -1 0 1 0 1 0 0 3005.dat
1 6 -100 -504 400 0 0 -1 0 1 0 1 0 0 3005.dat
1 6 120 -504 400 0 0 -1 0 1 0 1 0 0 3005.dat
1 4 -100 -456 380 1 0 0 0 1 0 0 0 1 2420.dat
1 0 -170 -472 230 0 0 1 0 1 0 -1 0 0 2456.dat
1 0 190 -472 230 0 0 1 0 1 0 -1 0 0 2456.dat
1 4 -110 -488 -30 0 0 1 0 1 0 -1 0 0 3001.dat
1 4 -80 -472 -80 0 0 -1 0 1 0 1 0 0 2420.dat
1 4 -80 -480 -80 0 0 -1 0 1 0 1 0 0 2420.dat
1 4 -70 -464 -90 0 0 -1 0 1 0 1 0 0 3003.dat
1 0 130 -456 -60 0 0 -1 0 1 0 1 0 0 3021.dat
1 0 -110 -456 -60 0 0 -1 0 1 0 1 0 0 3021.dat
1 0 140 -464 -60 0 0 -1 0 1 0 1 0 0 3623.dat
1 0 -120 -464 -60 0 0 -1 0 1 0 1 0 0 3623.dat
1 4 -100 -464 -60 0 0 -1 0 1 0 1 0 0 3623.dat
1 4 120 -464 -60 0 0 -1 0 1 0 1 0 0 3623.dat
1 4 160 -472 -40 0 0 -1 0 1 0 1 0 0 3005.dat
1 4 -140 -472 -40 0 0 -1 0 1 0 1 0 0 3005.dat
1 4 150 -464 10 1 0 0 0 1 0 0 0 1 3020.dat
1 4 -130 -464 10 1 0 0 0 1 0 0 0 1 3020.dat
1 4 -30 -472 0 1 0 0 0 1 0 0 0 1 3023.dat
1 4 50 -472 0 1 0 0 0 1 0 0 0 1 3023.dat
1 0 10 -480 0 1 0 0 0 1 0 0 0 1 3666.dat
1 4 10 -488 0 1 0 0 0 1 0 0 0 1 4477.dat
1 4 -20 -512 -30 0 0 1 0 1 0 -1 0 0 3009.dat
1 4 40 -512 -30 0 0 1 0 1 0 -1 0 0 3009.dat
1 0 70 -512 -30 0 0 1 0 1 0 -1 0 0 2456.dat
1 0 140 -512 -40 -1 0 0 0 1 0 0 0 -1 2357.dat
1 0 -120 -512 -40 0 0 1 0 1 0 -1 0 0 2357.dat
1 4 160 -496 -20 0 0 1 0 1 0 -1 0 0 2357.dat
1 4 170 -496 30 0 0 1 0 1 0 -1 0 0 3001.dat
1 4 190 -496 110 0 0 1 0 1 0 -1 0 0 3001.dat
1 0 190 -496 180 0 0 1 0 1 0 -1 0 0 3002.dat
1 0 120 -496 370 -1 0 0 0 1 0 0 0 -1 3002.dat
1 19 100 -496 420 0 0 1 0 1 0 -1 0 0 2357.dat
1 19 -80 -496 420 -1 0 0 0 1 0 0 0 -1 2357.dat
1 19 -90 -504 420 -1 0 0 0 1 0 0 0 -1 3023.dat
1 19 110 -504 420 -1 0 0 0 1 0 0 0 -1 3023.dat
1 0 -100 -496 370 -1 0 0 0 1 0 0 0 -1 3002.dat
1 0 10 -496 410 -1 0 0 0 1 0 0 0 -1 3007.dat
1 0 -170 -496 180 0 0 1 0 1 0 -1 0 0 3002.dat
1 0 190 -496 230 0 0 1 0 1 0 -1 0 0 3003.dat
1 0 -170 -496 230 0 0 1 0 1 0 -1 0 0 3003.dat
1 0 180 -496 280 0 0 1 0 1 0 -1 0 0 3622.dat
1 0 -160 -496 280 0 0 1 0 1 0 -1 0 0 3622.dat
1 0 -160 -496 330 0 0 1 0 1 0 -1 0 0 3004.dat
1 0 180 -496 330 0 0 1 0 1 0 -1 0 0 3004.dat
1 0 160 -496 310 0 0 1 0 1 0 -1 0 0 3009.dat
1 0 -140 -496 310 0 0 1 0 1 0 -1 0 0 3009.dat
1 4 -170 -496 110 0 0 1 0 1 0 -1 0 0 3001.dat
1 4 200 -480 50 0 0 1 0 1 0 -1 0 0 3023.dat
1 4 -180 -480 50 0 0 1 0 1 0 -1 0 0 3023.dat
1 4 -150 -496 30 0 0 1 0 1 0 -1 0 0 3001.dat
1 4 -140 -520 -20 0 0 1 0 1 0 -1 0 0 2357.dat
1 4 160 -520 -20 -1 0 0 0 1 0 0 0 -1 2357.dat
1 4 170 -520 90 0 0 -1 0 1 0 1 0 0 3006.dat
1 4 -150 -520 90 0 0 -1 0 1 0 1 0 0 3006.dat
1 0 -150 -520 230 0 0 -1 0 1 0 1 0 0 3001.dat
1 0 -110 -520 350 1 0 0 0 1 0 0 0 1 3001.dat
1 0 10 -520 410 1 0 0 0 1 0 0 0 1 3001.dat
1 0 -110 -520 380 1 0 0 0 1 0 0 0 1 3004.dat
1 0 130 -520 380 1 0 0 0 1 0 0 0 1 3004.dat
1 0 -60 -520 390 1 0 0 0 1 0 0 0 1 3002.dat
1 0 80 -520 390 1 0 0 0 1 0 0 0 1 3002.dat
1 0 130 -520 350 1 0 0 0 1 0 0 0 1 3001.dat
1 0 170 -520 230 0 0 -1 0 1 0 1 0 0 3001.dat
1 0 170 -504 300 0 0 -1 0 1 0 1 0 0 3021.dat
1 0 170 -512 320 1 0 0 0 1 0 0 0 1 3023.dat
1 0 -150 -512 320 1 0 0 0 1 0 0 0 1 3023.dat
1 4 170 -512 290 1 0 0 0 1 0 0 0 1 3022.dat
1 4 -150 -512 290 1 0 0 0 1 0 0 0 1 3022.dat
1 4 170 -520 300 0 0 1 0 1 0 -1 0 0 3021.dat
1 4 -150 -520 300 0 0 1 0 1 0 -1 0 0 3021.dat
1 0 -150 -504 300 0 0 -1 0 1 0 1 0 0 3021.dat
1 4 -140 -496 -20 -1 0 0 0 1 0 0 0 -1 2357.dat
1 0 -50 -512 -30 0 0 1 0 1 0 -1 0 0 2456.dat
1 0 -20 -520 -50 0 0 1 0 1 0 -1 0 0 3023.dat
1 0 40 -520 -50 0 0 1 0 1 0 -1 0 0 3023.dat
1 0 20 -528 -60 0 0 1 0 1 0 -1 0 0 2420.dat
1 0 0 -528 -60 -1 0 0 0 1 0 0 0 -1 2420.dat
1 0 10 -536 -70 -1 0 0 0 1 0 0 0 -1 3022.dat
1 4 50 -536 -80 -1 0 0 0 1 0 0 0 -1 3004.dat
1 4 110 -536 -50 -1 0 0 0 1 0 0 0 -1 3003.dat
1 4 130 -544 -20 -1 0 0 0 1 0 0 0 -1 3010.dat
1 0 160 -544 30 0 0 -1 0 1 0 1 0 0 3004.dat
1 0 180 -544 50 0 0 -1 0 1 0 1 0 0 3004.dat
1 0 -160 -544 50 0 0 -1 0 1 0 1 0 0 3004.dat
1 0 -10 -560 -30 0 0 -1 0 1 0 1 0 0 3001.dat
1 0 -10 -584 -10 0 0 -1 0 1 0 1 0 0 3001.dat
1 0 30 -584 -10 0 0 -1 0 1 0 1 0 0 3001.dat
1 0 60 -576 -20 0 0 -1 0 1 0 1 0 0 3623.dat
1 0 -40 -576 -20 0 0 -1 0 1 0 1 0 0 3623.dat
1 0 60 -584 -10 0 0 -1 0 1 0 1 0 0 3710.dat
1 0 -40 -584 -10 0 0 -1 0 1 0 1 0 0 3710.dat
1 0 110 -576 10 1 0 0 0 1 0 0 0 1 3020.dat
1 0 -90 -576 10 1 0 0 0 1 0 0 0 1 3020.dat
1 0 110 -576 -20 1 0 0 0 1 0 0 0 1 3023.dat
1 0 -90 -576 -20 1 0 0 0 1 0 0 0 1 3023.dat
1 4 80 -576 -40 1 0 0 0 1 0 0 0 1 2420.dat
1 4 -60 -576 -40 0 0 -1 0 1 0 1 0 0 2420.dat
1 4 80 -584 -10 0 0 -1 0 1 0 1 0 0 3710.dat
1 4 -60 -584 -10 0 0 -1 0 1 0 1 0 0 3710.dat
1 4 100 -584 0 0 0 -1 0 1 0 1 0 0 3623.dat
1 4 -80 -584 0 0 0 -1 0 1 0 1 0 0 3623.dat
1 0 130 -584 20 1 0 0 0 1 0 0 0 1 3023.dat
1 6 130 -584 60 0 0 1 0 1 0 -1 0 0 3021.dat
1 6 -110 -584 60 0 0 1 0 1 0 -1 0 0 3021.dat
1 6 140 -592 60 0 0 1 0 1 0 -1 0 0 3623.dat
1 6 10 -632 -10 0 0 1 0 1 0 -1 0 0 3003.dat
1 19 10 -640 0 -1 0 0 0 1 0 0 0 -1 3023.dat
1 6 10 -640 340 0 0 1 0 1 0 -1 0 0 3005.dat
1 6 10 -632 20 0 0 1 0 1 0 -1 0 0 3024.dat
1 0 10 -616 20 -1 0 0 0 1 0 0 0 -1 3710.dat
1 0 10 -624 50 -1 0 0 0 1 0 0 0 -1 3022.dat
1 0 -30 -624 70 0 0 -1 0 1 0 1 0 0 3020.dat
1 0 10 -632 40 1 0 0 0 1 0 0 0 1 3710.dat
1 0 10 -632 70 1 0 0 0 1 0 0 0 1 3795.dat
1 0 10 -640 130 0 0 1 0 1 0 -1 0 0 3032.dat
1 0 10 -648 130 0 0 1 0 1 0 -1 0 0 3022.dat
1 4 -40 -640 150 0 0 1 0 1 0 -1 0 0 3460.dat
1 4 -20 -648 190 0 0 1 0 1 0 -1 0 0 3460.dat
1 4 40 -648 190 0 0 1 0 1 0 -1 0 0 3460.dat
1 4 60 -648 190 0 0 1 0 1 0 -1 0 0 3710.dat
1 4 -40 -648 190 0 0 1 0 1 0 -1 0 0 3710.dat
1 4 10 -648 210 0 0 1 0 1 0 -1 0 0 3795.dat
1 4 60 -640 150 0 0 1 0 1 0 -1 0 0 3460.dat
1 4 80 -640 170 0 0 1 0 1 0 -1 0 0 3460.dat
1 4 -60 -640 170 0 0 1 0 1 0 -1 0 0 3460.dat
1 4 10 -640 260 -1 0 0 0 1 0 0 0 -1 3710.dat
1 4 -40 -640 260 -1 0 0 0 1 0 0 0 -1 2420.dat
1 4 60 -640 260 0 0 1 0 1 0 -1 0 0 2420.dat
1 4 80 -632 70 0 0 1 0 1 0 -1 0 0 3023.dat
1 4 -60 -632 70 0 0 1 0 1 0 -1 0 0 3023.dat
1 0 10 -632 110 -1 0 0 0 1 0 0 0 -1 3832.dat
1 4 10 -632 190 -1 0 0 0 1 0 0 0 -1 3033.dat
1 4 10 -632 270 -1 0 0 0 1 0 0 0 -1 3020.dat
1 0 -60 -632 260 0 0 -1 0 1 0 1 0 0 2420.dat
1 0 80 -632 260 1 0 0 0 1 0 0 0 1 2420.dat
1 0 -40 -640 280 1 0 0 0 1 0 0 0 1 3623.dat
1 0 60 -640 280 1 0 0 0 1 0 0 0 1 3623.dat
1 4 10 -640 280 1 0 0 0 1 0 0 0 1 3023.dat
1 0 50 -624 70 0 0 -1 0 1 0 1 0 0 3020.dat
1 4 80 -624 70 0 0 -1 0 1 0 1 0 0 3710.dat
1 4 -60 -624 70 0 0 -1 0 1 0 1 0 0 3710.dat
1 0 -80 -624 90 0 0 -1 0 1 0 1 0 0 3710.dat
1 0 100 -624 90 0 0 -1 0 1 0 1 0 0 3710.dat
1 0 120 -624 100 0 0 -1 0 1 0 1 0 0 3623.dat
1 0 -100 -624 100 0 0 -1 0 1 0 1 0 0 3623.dat
1 4 110 -624 190 0 0 -1 0 1 0 1 0 0 3795.dat
1 4 -90 -624 190 0 0 -1 0 1 0 1 0 0 3795.dat
1 0 10 -624 270 1 0 0 0 1 0 0 0 1 3832.dat
1 0 120 -624 260 1 0 0 0 1 0 0 0 1 3024.dat
1 0 -100 -624 260 1 0 0 0 1 0 0 0 1 3024.dat
1 0 10 -624 310 1 0 0 0 1 0 0 0 1 3795.dat
1 0 10 -632 310 1 0 0 0 1 0 0 0 1 3034.dat
1 0 10 -640 300 1 0 0 0 1 0 0 0 1 3666.dat
1 0 80 -624 300 1 0 0 0 1 0 0 0 1 2420.dat
1 0 -60 -624 300 0 0 -1 0 1 0 1 0 0 2420.dat
1 6 -120 -592 60 0 0 1 0 1 0 -1 0 0 3623.dat
1 6 160 -600 70 0 0 1 0 1 0 -1 0 0 3004.dat
1 6 -140 -600 70 0 0 1 0 1 0 -1 0 0 3004.dat
1 0 150 -592 100 -1 0 0 0 1 0 0 0 -1 3004.dat
1 4 130 -592 170 0 0 -1 0 1 0 1 0 0 2356.dat
1 4 -110 -592 170 0 0 -1 0 1 0 1 0 0 2356.dat
1 0 -130 -592 260 0 0 -1 0 1 0 1 0 0 3002.dat
1 0 150 -592 260 0 0 -1 0 1 0 1 0 0 3002.dat
1 0 110 -592 310 1 0 0 0 1 0 0 0 1 3001.dat
1 0 -90 -592 310 1 0 0 0 1 0 0 0 1 3001.dat
1 0 10 -592 340 1 0 0 0 1 0 0 0 1 6112.dat
1 0 80 -592 360 1 0 0 0 1 0 0 0 1 3622.dat
1 0 -60 -592 360 1 0 0 0 1 0 0 0 1 3622.dat
1 6 10 -608 370 1 0 0 0 1 0 0 0 1 3022.dat
1 19 10 -616 380 1 0 0 0 1 0 0 0 1 3023.dat
1 19 10 -624 380 1 0 0 0 1 0 0 0 1 3023.dat
1 6 10 -616 360 1 0 0 0 1 0 0 0 1 3023.dat
1 6 10 -624 360 1 0 0 0 1 0 0 0 1 3023.dat
1 19 10 -648 360 1 0 0 0 1 0 0 0 1 3004.dat
1 0 -130 -592 100 -1 0 0 0 1 0 0 0 -1 3004.dat
1 0 -110 -584 20 1 0 0 0 1 0 0 0 1 3023.dat
1 0 120 -584 0 0 0 1 0 1 0 -1 0 0 2420.dat
1 0 -100 -584 0 -1 0 0 0 1 0 0 0 -1 2420.dat
1 0 10 -568 -60 1 0 0 0 1 0 0 0 1 3710.dat
1 4 -60 -568 -30 1 0 0 0 1 0 0 0 1 3021.dat
1 4 80 -568 -30 1 0 0 0 1 0 0 0 1 3021.dat
1 4 120 -568 -40 1 0 0 0 1 0 0 0 1 3024.dat
1 4 -100 -568 -40 1 0 0 0 1 0 0 0 1 3024.dat
1 0 80 -568 0 1 0 0 0 1 0 0 0 1 3623.dat
1 0 -60 -568 0 1 0 0 0 1 0 0 0 1 3623.dat
1 0 -110 -568 0 1 0 0 0 1 0 0 0 1 3023.dat
1 0 -130 -576 80 1 0 0 0 1 0 0 0 1 3023.dat
1 4 10 -576 140 1 0 0 0 1 0 0 0 1 3023.dat
1 0 150 -576 80 1 0 0 0 1 0 0 0 1 3023.dat
1 0 130 -568 0 1 0 0 0 1 0 0 0 1 3023.dat
1 4 140 -576 60 0 0 1 0 1 0 -1 0 0 2420.dat
1 4 -120 -576 60 -1 0 0 0 1 0 0 0 -1 2420.dat
1 0 130 -568 -20 1 0 0 0 1 0 0 0 1 3004.dat
1 0 -110 -568 -20 1 0 0 0 1 0 0 0 1 3004.dat
1 4 110 -568 60 1 0 0 0 1 0 0 0 1 3004.dat
1 4 -90 -568 60 1 0 0 0 1 0 0 0 1 3004.dat
1 6 10 -600 380 1 0 0 0 1 0 0 0 1 3004.dat
1 0 180 -568 80 1 0 0 0 1 0 0 0 1 3005.dat
1 0 -160 -568 80 1 0 0 0 1 0 0 0 1 3005.dat
1 4 180 -568 150 0 0 1 0 1 0 -1 0 0 3009.dat
1 4 -160 -568 150 0 0 1 0 1 0 -1 0 0 3009.dat
1 0 -160 -568 230 0 0 1 0 1 0 -1 0 0 3004.dat
1 0 180 -568 230 0 0 1 0 1 0 -1 0 0 3004.dat
1 0 160 -568 250 0 0 1 0 1 0 -1 0 0 3008.dat
1 0 -140 -568 250 0 0 1 0 1 0 -1 0 0 3008.dat
1 0 -120 -568 290 0 0 1 0 1 0 -1 0 0 3009.dat
1 0 -90 -568 340 0 0 1 0 1 0 -1 0 0 3002.dat
1 0 110 -568 340 0 0 1 0 1 0 -1 0 0 3002.dat
1 0 70 -568 360 0 0 1 0 1 0 -1 0 0 3002.dat
1 0 -50 -568 360 0 0 1 0 1 0 -1 0 0 3002.dat
1 0 10 -552 370 -1 0 0 0 1 0 0 0 -1 3020.dat
1 0 -20 -560 370 0 0 -1 0 1 0 1 0 0 3023.dat
1 0 40 -560 370 0 0 -1 0 1 0 1 0 0 3023.dat
1 4 10 -560 370 0 0 -1 0 1 0 1 0 0 3022.dat
1 4 -10 -568 380 1 0 0 0 1 0 0 0 1 3794b.dat
1 0 0 -576 380 1 0 0 0 1 0 0 0 1 3794b.dat
1 0 -10 -592 360 1 0 0 0 1 0 0 0 1 3794b.dat
1 0 0 -600 360 1 0 0 0 1 0 0 0 1 3794b.dat
1 0 30 -592 360 1 0 0 0 1 0 0 0 1 3794b.dat
1 0 30 -576 380 1 0 0 0 1 0 0 0 1 3070b.dat
1 0 30 -600 360 1 0 0 0 1 0 0 0 1 3070b.dat
1 4 30 -568 380 1 0 0 0 1 0 0 0 1 3794b.dat
1 0 140 -568 290 0 0 1 0 1 0 -1 0 0 3009.dat
1 19 190 -552 290 0 0 1 0 1 0 -1 0 0 3022.dat
1 19 -170 -552 290 0 0 1 0 1 0 -1 0 0 3022.dat
1 19 200 -560 290 0 0 1 0 1 0 -1 0 0 3023.dat
1 19 200 -568 290 0 0 1 0 1 0 -1 0 0 3023.dat
1 19 -180 -560 290 0 0 1 0 1 0 -1 0 0 3023.dat
1 19 -180 -568 290 0 0 1 0 1 0 -1 0 0 3023.dat
1 0 130 -560 0 1 0 0 0 1 0 0 0 1 3010.dat
1 0 -110 -560 0 1 0 0 0 1 0 0 0 1 3010.dat
1 0 150 -568 70 0 0 1 0 1 0 -1 0 0 2456.dat
1 0 -130 -568 70 0 0 1 0 1 0 -1 0 0 2456.dat
1 0 10 -584 360 -1 0 0 0 1 0 0 0 -1 3010.dat
1 4 -50 -560 -30 0 0 -1 0 1 0 1 0 0 3001.dat
1 0 30 -560 -30 0 0 -1 0 1 0 1 0 0 3001.dat
1 4 70 -560 -30 0 0 -1 0 1 0 1 0 0 3001.dat
1 4 100 -544 -40 0 0 1 0 1 0 -1 0 0 2420.dat
1 4 100 -552 -40 0 0 1 0 1 0 -1 0 0 2420.dat
1 4 -80 -544 -40 -1 0 0 0 1 0 0 0 -1 2420.dat
1 4 -80 -552 -40 -1 0 0 0 1 0 0 0 -1 2420.dat
1 4 110 -560 -40 -1 0 0 0 1 0 0 0 -1 3023.dat
1 4 -90 -560 -40 -1 0 0 0 1 0 0 0 -1 3023.dat
1 4 -150 -544 110 0 0 -1 0 1 0 1 0 0 3001.dat
1 4 170 -544 110 0 0 -1 0 1 0 1 0 0 3001.dat
1 6 170 -544 290 1 0 0 0 1 0 0 0 1 3001.dat
1 6 -150 -544 290 1 0 0 0 1 0 0 0 1 3001.dat
1 4 170 -544 180 0 0 -1 0 1 0 1 0 0 3002.dat
1 4 170 -528 320 1 0 0 0 1 0 0 0 1 3023.dat
1 4 -150 -528 320 1 0 0 0 1 0 0 0 1 3023.dat
1 4 160 -536 320 1 0 0 0 1 0 0 0 1 3024.dat
1 4 160 -544 320 1 0 0 0 1 0 0 0 1 3024.dat
1 4 -140 -536 320 1 0 0 0 1 0 0 0 1 3024.dat
1 4 -140 -544 320 1 0 0 0 1 0 0 0 1 3024.dat
1 4 -150 -544 180 0 0 -1 0 1 0 1 0 0 3002.dat
1 0 -150 -544 230 0 0 -1 0 1 0 1 0 0 3003.dat
1 0 140 -544 340 1 0 0 0 1 0 0 0 1 2357.dat
1 0 -120 -544 340 0 0 -1 0 1 0 1 0 0 2357.dat
1 0 -90 -544 340 1 0 0 0 1 0 0 0 1 3004.dat
1 0 110 -544 340 1 0 0 0 1 0 0 0 1 3004.dat
1 0 100 -544 370 1 0 0 0 1 0 0 0 1 3002.dat
1 0 -80 -544 370 1 0 0 0 1 0 0 0 1 3002.dat
1 0 10 -544 390 1 0 0 0 1 0 0 0 1 2456.dat
1 0 170 -544 230 0 0 -1 0 1 0 1 0 0 3003.dat
1 4 160 -528 260 1 0 0 0 1 0 0 0 1 3623.dat
1 4 160 -536 260 1 0 0 0 1 0 0 0 1 3623.dat
1 0 160 -544 260 1 0 0 0 1 0 0 0 1 3623.dat
1 4 -140 -528 260 1 0 0 0 1 0 0 0 1 3623.dat
1 4 -140 -536 260 1 0 0 0 1 0 0 0 1 3623.dat
1 0 -140 -544 260 1 0 0 0 1 0 0 0 1 3623.dat
1 0 -140 -544 30 0 0 -1 0 1 0 1 0 0 3004.dat
1 4 -110 -544 -20 -1 0 0 0 1 0 0 0 -1 3010.dat
1 0 10 -536 0 -1 0 0 0 1 0 0 0 -1 6112.dat
1 4 160 -528 0 -1 0 0 0 1 0 0 0 -1 3024.dat
1 4 160 -536 0 -1 0 0 0 1 0 0 0 -1 3024.dat
1 4 -140 -528 0 -1 0 0 0 1 0 0 0 -1 3024.dat
1 4 -140 -536 0 -1 0 0 0 1 0 0 0 -1 3024.dat
1 4 -90 -536 -50 -1 0 0 0 1 0 0 0 -1 3003.dat
1 0 140 -520 -40 -1 0 0 0 1 0 0 0 -1 3024.dat
1 0 -120 -520 -40 -1 0 0 0 1 0 0 0 -1 3024.dat
1 0 140 -544 -40 -1 0 0 0 1 0 0 0 -1 3005.dat
1 0 -120 -544 -40 -1 0 0 0 1 0 0 0 -1 3005.dat
1 4 -30 -536 -80 -1 0 0 0 1 0 0 0 -1 3004.dat
1 0 80 -520 -60 0 0 -1 0 1 0 1 0 0 3623.dat
1 0 80 -528 -60 0 0 -1 0 1 0 1 0 0 3623.dat
1 0 80 -536 -50 0 0 -1 0 1 0 1 0 0 3023.dat
1 0 -60 -536 -50 0 0 -1 0 1 0 1 0 0 3023.dat
1 0 -60 -520 -60 0 0 -1 0 1 0 1 0 0 3623.dat
1 0 -60 -528 -60 0 0 -1 0 1 0 1 0 0 3623.dat
1 4 100 -496 -70 0 0 1 0 1 0 -1 0 0 3023.dat
1 0 120 -496 -70 0 0 1 0 1 0 -1 0 0 3023.dat
1 0 100 -512 -70 0 0 1 0 1 0 -1 0 0 3023.dat
1 0 -80 -512 -70 0 0 1 0 1 0 -1 0 0 3023.dat
1 4 120 -512 -60 0 0 1 0 1 0 -1 0 0 3024.dat
1 4 -100 -512 -60 0 0 1 0 1 0 -1 0 0 3024.dat
1 0 100 -504 -60 0 0 1 0 1 0 -1 0 0 2420.dat
1 0 -80 -504 -60 -1 0 0 0 1 0 0 0 -1 2420.dat
1 4 -80 -496 -70 0 0 1 0 1 0 -1 0 0 3023.dat
1 0 -100 -496 -70 0 0 1 0 1 0 -1 0 0 3023.dat
1 4 170 -464 -20 1 0 0 0 1 0 0 0 1 3023.dat
1 4 -150 -464 -20 1 0 0 0 1 0 0 0 1 3023.dat
1 4 170 -472 0 0 0 1 0 1 0 -1 0 0 3021.dat
1 4 -150 -472 0 0 0 1 0 1 0 -1 0 0 3021.dat
1 4 -30 -440 10 0 0 -1 0 1 0 1 0 0 3022.dat
1 4 50 -440 10 0 0 -1 0 1 0 1 0 0 3022.dat
1 4 120 -440 -80 0 0 1 0 1 0 -1 0 0 3024.dat
1 4 -100 -440 -80 0 0 1 0 1 0 -1 0 0 3024.dat
1 0 -100 -448 -80 0 0 1 0 1 0 -1 0 0 3024.dat
1 0 120 -448 -80 0 0 1 0 1 0 -1 0 0 3024.dat
1 4 160 -432 -40 0 0 1 0 1 0 -1 0 0 3622.dat
1 4 -140 -432 -40 0 0 1 0 1 0 -1 0 0 3622.dat
1 4 160 -440 -50 0 0 1 0 1 0 -1 0 0 3023.dat
1 4 -140 -440 -50 0 0 1 0 1 0 -1 0 0 3023.dat
1 4 150 -448 -50 0 0 1 0 1 0 -1 0 0 3022.dat
1 4 180 -432 -10 0 0 1 0 1 0 -1 0 0 3004.dat
1 4 -160 -432 -10 0 0 1 0 1 0 -1 0 0 3004.dat
1 4 -130 -448 -50 0 0 1 0 1 0 -1 0 0 3022.dat
1 4 -20 -416 -70 0 0 1 0 1 0 -1 0 0 3010.dat
1 0 90 -400 -50 0 0 1 0 1 0 -1 0 0 3001.dat
1 0 -70 -400 -50 0 0 1 0 1 0 -1 0 0 3001.dat
1 0 120 -400 -50 0 0 1 0 1 0 -1 0 0 3010.dat
1 0 160 -384 -10 0 0 1 0 1 0 -1 0 0 3010.dat
1 0 -140 -384 -10 0 0 1 0 1 0 -1 0 0 3010.dat
1 4 180 -384 10 0 0 1 0 1 0 -1 0 0 3004.dat
1 4 -160 -384 10 0 0 1 0 1 0 -1 0 0 3004.dat
1 0 200 -384 20 0 0 1 0 1 0 -1 0 0 3005.dat
1 0 -180 -384 20 0 0 1 0 1 0 -1 0 0 3005.dat
1 0 220 -360 240 -1 0 0 0 1 0 0 0 -1 3623.dat
1 0 220 -360 160 -1 0 0 0 1 0 0 0 -1 3623.dat
1 0 220 -368 160 -1 0 0 0 1 0 0 0 -1 3623.dat
1 0 220 -376 240 -1 0 0 0 1 0 0 0 -1 3623.dat
1 0 -200 -376 240 -1 0 0 0 1 0 0 0 -1 3623.dat
1 0 220 -376 210 -1 0 0 0 1 0 0 0 -1 3021.dat
1 0 220 -376 170 -1 0 0 0 1 0 0 0 -1 3021.dat
1 0 -200 -376 170 -1 0 0 0 1 0 0 0 -1 3021.dat
1 0 240 -384 230 0 0 -1 0 1 0 1 0 0 3023.dat
1 0 -220 -384 230 0 0 -1 0 1 0 1 0 0 3023.dat
1 0 240 -384 180 0 0 -1 0 1 0 1 0 0 3623.dat
1 0 240 -392 200 0 0 -1 0 1 0 1 0 0 3623.dat
1 0 -220 -392 200 0 0 -1 0 1 0 1 0 0 3623.dat
1 0 220 -384 200 0 0 -1 0 1 0 1 0 0 3623.dat
1 0 -200 -384 200 0 0 -1 0 1 0 1 0 0 3623.dat
1 0 -220 -384 180 0 0 -1 0 1 0 1 0 0 3623.dat
1 0 -200 -376 210 -1 0 0 0 1 0 0 0 -1 3021.dat
1 0 -200 -368 160 -1 0 0 0 1 0 0 0 -1 3623.dat
1 0 -200 -360 160 -1 0 0 0 1 0 0 0 -1 3623.dat
1 0 210 -360 200 0 0 -1 0 1 0 1 0 0 3021.dat
1 0 220 -368 230 1 0 0 0 1 0 0 0 1 3021.dat
1 0 210 -368 190 1 0 0 0 1 0 0 0 1 3022.dat
1 0 -190 -368 190 1 0 0 0 1 0 0 0 1 3022.dat
1 0 -200 -368 230 1 0 0 0 1 0 0 0 1 3021.dat
1 0 -190 -360 200 0 0 -1 0 1 0 1 0 0 3021.dat
1 0 -200 -360 240 -1 0 0 0 1 0 0 0 -1 3623.dat
1 0 -100 -400 -50 0 0 1 0 1 0 -1 0 0 3010.dat
1 0 140 -400 -40 0 0 1 0 1 0 -1 0 0 3622.dat
1 0 -120 -400 -40 0 0 1 0 1 0 -1 0 0 3622.dat
1 4 -20 -384 -60 0 0 1 0 1 0 -1 0 0 3623.dat
1 0 150 -360 -20 0 0 1 0 1 0 -1 0 0 3021.dat
1 0 -130 -360 -20 0 0 1 0 1 0 -1 0 0 3021.dat
1 0 180 -360 20 -1 0 0 0 1 0 0 0 -1 3623.dat
1 0 -160 -360 20 -1 0 0 0 1 0 0 0 -1 3623.dat
1 0 -50 -368 -40 0 0 1 0 1 0 -1 0 0 3021.dat
1 0 220 -352 220 0 0 -1 0 1 0 1 0 0 4070.dat
1 0 210 -392 80 0 0 -1 0 1 0 1 0 0 4070.dat
1 0 210 -392 40 0 0 -1 0 1 0 1 0 0 4070.dat
1 0 -190 -392 80 0 0 1 0 1 0 -1 0 0 4070.dat
1 0 -190 -392 40 0 0 1 0 1 0 -1 0 0 4070.dat
1 383 148 -342 220 0 -1 0 0 0 -1 1 0 0 3957a.dat
1 383 22 -280 -210 0 1 0 0 0 -1 -1 0 0 10018 - sous03.ldr

0 FILE 10018 - sous01.ldr
0 sous01
0 Name: 10018 - sous01.ldr
0 Author: Faramond Florent [Makou]
0 !LDRAW_ORG Unofficial_Model
0 !LICENSE Redistributable under CCAL version 2.0 : see CAreadme.txt

1 4 -20 0 10 0 0 1 0 1 0 -1 0 0 3710.dat
1 0 0 0 10 0 0 1 0 1 0 -1 0 0 3023.dat
1 4 -10 -8 -20 -1 0 0 0 1 0 0 0 -1 3023.dat
1 0 -10 -8 0 -1 0 0 0 1 0 0 0 -1 3023.dat
1 0 -20 -8 20 1 0 0 0 1 0 0 0 1 2420.dat
1 4 -10 -16 -10 1 0 0 0 1 0 0 0 1 3022.dat
1 0 -10 -16 20 1 0 0 0 1 0 0 0 1 3023.dat
1 4 10 0 40 1 0 0 0 1 0 0 0 1 3023.dat
1 4 10 -8 40 1 0 0 0 1 0 0 0 1 3023.dat
1 0 0 -16 40 1 0 0 0 1 0 0 0 1 3623.dat
1 4 0 -24 -20 1 0 0 0 1 0 0 0 1 3623.dat
1 4 -10 -24 0 1 0 0 0 1 0 0 0 1 3023.dat
1 0 0 -24 40 1 0 0 0 1 0 0 0 1 3623.dat
1 0 0 -32 -20 1 0 0 0 1 0 0 0 1 3623.dat
1 4 0 -32 0 1 0 0 0 1 0 0 0 1 3623.dat
1 4 -10 -40 20 1 0 0 0 1 0 0 0 1 3004.dat
1 4 0 -32 40 1 0 0 0 1 0 0 0 1 3623.dat
1 0 0 -40 -10 1 0 0 0 1 0 0 0 1 3021.dat
1 0 0 -40 40 1 0 0 0 1 0 0 0 1 3623.dat
1 4 10 -48 -20 1 0 0 0 1 0 0 0 1 3023.dat
1 0 0 -48 0 1 0 0 0 1 0 0 0 1 2420.dat
1 0 10 -48 40 1 0 0 0 1 0 0 0 1 3023.dat
1 4 10 -56 -20 1 0 0 0 1 0 0 0 1 3023.dat
1 0 10 -56 0 1 0 0 0 1 0 0 0 1 3023.dat
1 0 0 -56 40 0 0 1 0 1 0 -1 0 0 2420.dat
1 4 -20 -64 -10 0 0 1 0 1 0 -1 0 0 30237.dat
1 4 -20 -64 30 0 0 1 0 1 0 -1 0 0 30237.dat
1 0 10 -64 -10 0 0 1 0 1 0 -1 0 0 3022.dat
1 0 10 -64 40 -1 0 0 0 1 0 0 0 -1 3023.dat
1 4 -20 -72 10 0 0 -1 0 1 0 1 0 0 3710.dat
1 0 10 -72 -20 1 0 0 0 1 0 0 0 1 3023.dat
1 4 10 -72 0 1 0 0 0 1 0 0 0 1 3069b.dat
1 4 0 -80 20 1 0 0 0 1 0 0 0 1 3005.dat
1 4 10 -72 40 1 0 0 0 1 0 0 0 1 3023.dat
1 4 -10 -80 -10 1 0 0 0 1 0 0 0 1 3022.dat
1 4 20 -80 -20 1 0 0 0 1 0 0 0 1 3070b.dat
1 0 -20 -80 30 0 0 1 0 1 0 -1 0 0 3023.dat
1 0 10 -80 40 -1 0 0 0 1 0 0 0 -1 3023.dat
1 4 -10 -88 -10 -1 0 0 0 1 0 0 0 -1 3022.dat
1 0 -20 -88 30 0 0 -1 0 1 0 1 0 0 3023.dat
1 0 0 -88 40 0 0 1 0 1 0 -1 0 0 2420.dat
1 0 -20 -96 10 0 0 1 0 1 0 -1 0 0 3710.dat
1 4 0 -96 -20 0 0 1 0 1 0 -1 0 0 3070b.dat
1 0 0 -96 10 0 0 1 0 1 0 -1 0 0 3023.dat
1 4 10 -96 40 -1 0 0 0 1 0 0 0 -1 3023.dat
1 4 -20 -104 10 0 0 -1 0 1 0 1 0 0 2431.dat
1 0 0 -104 10 0 0 -1 0 1 0 1 0 0 3069b.dat
1 4 10 -104 40 1 0 0 0 1 0 0 0 1 3069b.dat

0 FILE 10018 - sous02.ldr
0 sous02
0 Name: 10018 - sous02.ldr
0 Author: Faramond Florent [Makou]
0 !LDRAW_ORG Unofficial_Model
0 !LICENSE Redistributable under CCAL version 2.0 : see CAreadme.txt

1 0 -70 0 -30 0 0 1 0 1 0 -1 0 0 2420.dat
1 0 -70 0 110 1 0 0 0 1 0 0 0 1 2420.dat
1 0 -70 -8 40 0 0 1 0 1 0 -1 0 0 4477.dat
1 0 -50 -8 110 0 0 1 0 1 0 -1 0 0 3024.dat
1 0 -50 -8 -30 0 0 1 0 1 0 -1 0 0 3024.dat
1 4 -50 -8 40 0 0 1 0 1 0 -1 0 0 3666.dat
1 15 -60 -16 -10 -1 0 0 0 1 0 0 0 -1 3023.dat
1 0 -60 -16 10 -1 0 0 0 1 0 0 0 -1 3023.dat
1 15 -60 -16 40 -1 0 0 0 1 0 0 0 -1 3022.dat
1 0 -60 -16 70 -1 0 0 0 1 0 0 0 -1 3023.dat
1 15 -60 -16 90 -1 0 0 0 1 0 0 0 -1 3023.dat
1 0 -60 -16 -50 -1 0 0 0 1 0 0 0 -1 3023.dat
1 4 -60 -16 -30 -1 0 0 0 1 0 0 0 -1 3023.dat
1 4 -60 -16 110 -1 0 0 0 1 0 0 0 -1 3023.dat
1 0 -60 -16 130 -1 0 0 0 1 0 0 0 -1 3023.dat
1 4 -70 -24 -20 -1 0 0 0 1 0 0 0 -1 3021.dat
1 15 -60 -24 10 -1 0 0 0 1 0 0 0 -1 3023.dat
1 0 -60 -24 30 -1 0 0 0 1 0 0 0 -1 3023.dat
1 15 -60 -24 50 -1 0 0 0 1 0 0 0 -1 3023.dat
1 0 -60 -24 70 -1 0 0 0 1 0 0 0 -1 3023.dat
1 4 -70 -24 100 -1 0 0 0 1 0 0 0 -1 3021.dat
1 0 -100 -16 -40 0 0 -1 0 1 0 1 0 0 3001.dat
1 0 -100 -16 120 0 0 -1 0 1 0 1 0 0 3001.dat
1 0 -60 -32 -30 1 0 0 0 1 0 0 0 1 3666.dat
1 0 -60 -32 110 1 0 0 0 1 0 0 0 1 3666.dat
1 0 -60 -32 90 1 0 0 0 1 0 0 0 1 3710.dat
1 0 -60 -32 -10 1 0 0 0 1 0 0 0 1 3710.dat
1 4 -50 -32 20 1 0 0 0 1 0 0 0 1 3021.dat
1 4 -50 -32 60 1 0 0 0 1 0 0 0 1 3021.dat
1 0 -40 -40 40 0 0 1 0 1 0 -1 0 0 3035.dat
1 0 -10 -48 40 0 0 1 0 1 0 -1 0 0 3666.dat
1 0 -10 -56 80 0 0 1 0 1 0 -1 0 0 3023.dat
1 0 -10 -56 0 0 0 1 0 1 0 -1 0 0 3023.dat

0 FILE 10018 - sous03.ldr
0 sous03
0 Name: 10018 - sous03.ldr
0 Author: Faramond Florent [Makou]
0 !LDRAW_ORG Unofficial_Model
0 !LICENSE Redistributable under CCAL version 2.0 : see CAreadme.txt

1 4 -80 0 -20 1 0 0 0 1 0 0 0 1 3020.dat
1 4 -100 0 10 1 0 0 0 1 0 0 0 1 3710.dat
1 4 -140 0 130 1 0 0 0 1 0 0 0 1 3710.dat
1 4 -140 0 180 1 0 0 0 1 0 0 0 1 3031.dat
1 4 -110 0 30 1 0 0 0 1 0 0 0 1 3623.dat
1 4 -150 0 230 1 0 0 0 1 0 0 0 1 3623.dat
1 4 -110 -24 -20 0 0 1 0 1 0 -1 0 0 30237.dat
1 4 -170 -24 180 0 0 1 0 1 0 -1 0 0 30237.dat
1 4 -80 -8 0 0 0 1 0 1 0 -1 0 0 3022.dat
1 0 -80 -16 0 0 0 1 0 1 0 -1 0 0 3022.dat
1 0 -120 -16 40 0 0 1 0 1 0 -1 0 0 3020.dat
1 0 -150 -16 60 0 0 1 0 1 0 -1 0 0 3023.dat
1 0 -140 -16 160 0 0 1 0 1 0 -1 0 0 3034.dat
1 0 -110 -16 180 0 0 1 0 1 0 -1 0 0 3710.dat
1 0 -170 -16 120 0 0 1 0 1 0 -1 0 0 3710.dat
1 0 -170 -16 220 0 0 1 0 1 0 -1 0 0 3023.dat
1 0 -50 -24 -10 0 0 1 0 1 0 -1 0 0 3005.dat
1 0 -90 -24 30 0 0 1 0 1 0 -1 0 0 3005.dat
1 0 -110 -24 130 0 0 1 0 1 0 -1 0 0 3005.dat
1 4 -110 -8 40 0 0 1 0 1 0 -1 0 0 3710.dat
1 4 -110 -8 180 0 0 1 0 1 0 -1 0 0 3710.dat
1 4 -130 -8 200 0 0 1 0 1 0 -1 0 0 3710.dat
1 4 -170 -8 120 0 0 1 0 1 0 -1 0 0 3710.dat
1 4 -170 -8 220 0 0 1 0 1 0 -1 0 0 3023.dat
1 4 -70 -24 -30 -1 0 0 0 1 0 0 0 -1 3622.dat
1 4 -150 -8 140 0 0 1 0 1 0 -1 0 0 4477.dat
1 4 -130 -8 80 0 0 1 0 1 0 -1 0 0 3460.dat
1 4 -130 0 60 1 0 0 0 1 0 0 0 1 3021.dat
1 4 -150 0 100 1 0 0 0 1 0 0 0 1 3021.dat
1 4 -80 -24 -10 1 0 0 0 1 0 0 0 1 3023.dat
1 4 -120 -24 30 1 0 0 0 1 0 0 0 1 3023.dat
1 4 -130 -24 60 1 0 0 0 1 0 0 0 1 3021.dat
1 4 -150 -24 100 1 0 0 0 1 0 0 0 1 3021.dat
1 4 -150 -24 220 1 0 0 0 1 0 0 0 1 3021.dat
1 4 -50 -32 -20 0 0 1 0 1 0 -1 0 0 3069b.dat
1 4 -70 -32 0 0 0 1 0 1 0 -1 0 0 3069b.dat
1 4 -90 -32 20 0 0 1 0 1 0 -1 0 0 3069b.dat
1 4 -110 -32 60 0 0 1 0 1 0 -1 0 0 3069b.dat
1 4 -150 -24 130 1 0 0 0 1 0 0 0 1 3623.dat
1 4 -110 -24 190 0 0 1 0 1 0 -1 0 0 3623.dat
1 4 -100 -24 10 1 0 0 0 1 0 0 0 1 3710.dat
1 4 -140 -24 150 1 0 0 0 1 0 0 0 1 3710.dat
1 4 -140 -24 180 1 0 0 0 1 0 0 0 1 3022.dat

