1 15 528.069214 0 764.054565 -0.6 0 0.8 0 1 0 -0.8 0 -0.6 32278.dat
1 15 368.06842 20 884.094116 -0.6 0 0.8 0 1 0 -0.8 0 -0.6 32524.dat
1 15 400.070007 20 740.015015 0.6 0 0.8 0 1 0 -0.8 0 0.6 32525.dat
1 15 480.070007 -20 740.015015 1 0 0 0 1 0 0 0 1 32524.dat
1 15 320.06601 0 800.212646 1 0 0 0 1 0 0 0 1 41239.dat
1 15 208.06601 -20 836.212646 0.6 0 0.8 0 1 0 -0.8 0 0.6 32278.dat
1 15 48.117798 0 716.103516 0.6 0 0.8 0 1 0 -0.8 0 0.6 32524.dat
1 15 160.052078 0 740.154907 1 0 0 0 1 0 0 0 1 32524.dat
1 15 300.018341 -20 680.102173 0 0 1 0 1 0 -1 0 0 32278.dat
1 15 240.018341 -40 740.102173 -0.6 0 0.8 0 1 0 -0.8 0 -0.6 32525.dat
1 15 520.149902 0 680.091431 0 0 1 0 1 0 -1 0 0 32525.dat
1 15 640.106934 20 540.023315 1 0 0 0 1 0 0 0 1 32278.dat
1 15 80.216377 20 680.026489 0 0 1 0 1 0 -1 0 0 40490.dat
1 15 0.216381 -20 540.026489 1 0 0 0 1 0 0 0 1 32278.dat
1 15 640.106262 0 280.045349 -1 0 0 0 1 0 -0 0 -1 32278.dat
1 15 0.183686 0 279.994781 -1 0 0 0 1 0 -0 0 -1 32278.dat
1 15 640.105652 20 80.065849 -1 0 0 0 1 0 -0 0 -1 40490.dat
1 15 0.153327 20 99.965309 -1 0 0 0 1 0 -0 0 -1 32524.dat
1 15 280 600 680 0 0 1 0 1 0 -1 0 0 32278.dat
1 15 80 620 680 -0 0 -1 0 1 0 1 0 -0 40490.dat
1 15 160 580 740 1 0 0 0 1 0 0 0 1 32524.dat
1 15 400 620 740 0.6 0 0.8 0 1 0 -0.8 0 0.6 32525.dat
1 15 320 580 800 1 0 0 0 1 0 0 0 1 41239.dat
1 15 240 560 740 -0.6 0 0.8 0 1 0 -0.8 0 -0.6 32525.dat
1 15 520 620 680 0 0 1 0 1 0 -1 0 0 41239.dat
1 15 528 600 764 -0.6 0 0.8 0 1 0 -0.8 0 -0.6 32278.dat
1 15 480 640 740 1 0 0 0 1 0 0 0 1 32524.dat
1 15 208 600 836 0.6 0 0.8 0 1 0 -0.8 0 0.6 32278.dat
1 15 0 600 540 1 0 0 0 1 0 0 0 1 32278.dat
1 15 48 580 716 0.6 0 0.8 0 1 0 -0.8 0 0.6 32524.dat
1 15 368 620 884 -0.6 0 0.8 0 1 0 -0.8 0 -0.6 32524.dat
1 15 640 580 540 1 0 0 0 1 0 0 0 1 32278.dat
1 15 0 620 280 -1 0 0 0 1 0 -0 0 -1 32278.dat
1 15 640 600 280 -1 0 0 0 1 0 -0 0 -1 32278.dat
1 15 0 600 80 -1 0 0 0 1 0 -0 0 -1 40490.dat
1 15 640 620 80 -1 0 0 0 1 0 -0 0 -1 40490.dat
1 15 -19 140 660 1 0 0 0 0 -1 0 1 0 32278.dat
1 15 -19 400 680 -1 0 0 0 0 1 -0 1 -0 32278.dat
1 15 -19 560 660 -1 0 0 0 0 1 -0 1 -0 32316.dat
1 15 660 460 684 1 0 0 0 0 -1 0 1 0 32278.dat
1 15 660 200 704 1 0 0 0 0 -1 0 1 0 32278.dat
1 15 660 40 684 1 0 0 0 0 -1 0 1 0 32316.dat
1 15 160 140 660 1 0 0 0 0 -1 0 1 0 32278.dat
1 15 160 400 680 -1 0 0 0 0 1 -0 1 -0 32278.dat
1 15 160 560 660 -1 0 0 0 0 1 -0 1 -0 32316.dat
1 15 320 460 660 1 0 0 0 0 -1 0 1 0 32278.dat
1 15 320 200 680 1 0 0 0 0 -1 0 1 0 32278.dat
1 15 320 40 660 1 0 0 0 0 -1 0 1 0 32316.dat
1 15 480 140 660 1 0 0 0 0 -1 0 1 0 32278.dat
1 15 480 400 680 -1 0 0 0 0 1 -0 1 -0 32278.dat
1 15 480 560 660 -1 0 0 0 0 1 -0 1 -0 32316.dat
1 15 300 140 872 1 0 0 0 0 -1 0 1 0 32278.dat
1 15 300 400 892 -1 0 0 0 0 1 -0 1 -0 32278.dat
1 15 300 560 872 -1 0 0 0 0 1 -0 1 -0 32316.dat

1 14 416.069214 10.000000 848.054565 -0.000000 0.000000 1.000000 1.000000 0.000000 0.000000 0.000000 1.000000 -0.000000 2780.dat
1 14 480.069214 -10.000000 800.054565 0.000000 1.000000 0.000000 -1.000000 0.000000 0.000000 0.000000 0.000000 1.000000 2780.dat
1 14 640.069214 10.000000 680.054565 -0.000000 0.000000 1.000000 1.000000 0.000000 0.000000 0.000000 1.000000 -0.000000 2780.dat
1 14 320.068420 10.000000 920.094116 0.000000 1.000000 0.000000 -1.000000 0.000000 0.000000 0.000000 0.000000 1.000000 2780.dat
1 14 320.070007 10.000000 680.015015 0.000000 1.000000 0.000000 -1.000000 0.000000 0.000000 0.000000 0.000000 1.000000 2780.dat
1 14 480.070007 10.000000 800.015015 0.000000 1.000000 0.000000 -1.000000 0.000000 0.000000 0.000000 0.000000 1.000000 2780.dat
1 14 480.070007 -10.000000 680.015015 -0.000000 0.000000 1.000000 1.000000 0.000000 0.000000 0.000000 1.000000 -0.000000 2780.dat
1 14 96.066010 -10.000000 752.212646 -0.000000 0.000000 1.000000 1.000000 0.000000 0.000000 0.000000 1.000000 -0.000000 2780.dat
1 14 160.066010 -30.000000 800.212646 0.000000 1.000000 0.000000 -1.000000 0.000000 0.000000 0.000000 0.000000 1.000000 2780.dat
1 14 320.066010 -10.000000 920.212646 -0.000000 0.000000 1.000000 1.000000 0.000000 0.000000 0.000000 1.000000 -0.000000 2780.dat
1 14 0.117798 -10.000000 680.103516 0.000000 1.000000 0.000000 -1.000000 0.000000 0.000000 0.000000 0.000000 1.000000 2780.dat
1 14 160.052078 -10.000000 680.154907 0.000000 1.000000 0.000000 -1.000000 0.000000 0.000000 0.000000 0.000000 1.000000 2780.dat
1 14 160.052078 -10.000000 800.154907 0.000000 1.000000 0.000000 -1.000000 0.000000 0.000000 0.000000 0.000000 1.000000 2780.dat
1 14 320.018341 -30.000000 680.102173 0.000000 1.000000 0.000000 -1.000000 0.000000 0.000000 0.000000 0.000000 1.000000 2780.dat
1 14 420.018341 -10.000000 680.102173 -0.000000 0.000000 1.000000 1.000000 0.000000 0.000000 0.000000 1.000000 -0.000000 2780.dat
1 14 440.018341 -10.000000 680.102173 -0.000000 0.000000 1.000000 1.000000 0.000000 0.000000 0.000000 1.000000 -0.000000 2780.dat
1 14 480.149902 20.000000 680.091431 0.000000 -1.000000 0.000000 -0.000000 -0.000000 -1.000000 1.000000 0.000000 -0.000000 6536_2_add.dat
1 14 480.149902 20.000000 680.091431 -0.000000 1.000000 0.000000 0.000000 0.000000 -1.000000 -1.000000 -0.000000 -0.000000 6536_2_add_2.dat
1 14 640.106934 10.000000 400.023315 0.000000 1.000000 0.000000 -1.000000 0.000000 0.000000 0.000000 0.000000 1.000000 2780.dat
1 14 640.106934 10.000000 420.023315 0.000000 1.000000 0.000000 -1.000000 0.000000 0.000000 0.000000 0.000000 1.000000 2780.dat
1 14 0.216377 10.000000 680.026489 0.000000 1.000000 0.000000 -1.000000 0.000000 0.000000 0.000000 0.000000 1.000000 2780.dat
1 14 160.216377 40.000000 680.026489 0.000000 -1.000000 0.000000 -0.000000 -0.000000 -1.000000 1.000000 0.000000 -0.000000 6536_2_add.dat
1 14 160.216377 10.000000 680.026489 0.000000 1.000000 0.000000 -1.000000 0.000000 0.000000 0.000000 0.000000 1.000000 2780.dat
1 14 0.216381 -10.000000 400.026489 -0.000000 0.000000 1.000000 1.000000 0.000000 0.000000 0.000000 1.000000 -0.000000 2780.dat
1 14 0.216381 -10.000000 420.026489 -0.000000 0.000000 1.000000 1.000000 0.000000 0.000000 0.000000 1.000000 -0.000000 2780.dat
1 14 -19.783619 -0.000000 640.026489 -0.000000 1.000000 0.000000 0.000000 0.000000 -1.000000 -1.000000 -0.000000 -0.000000 6536_2_add.dat
1 14 640.106262 10.000000 160.045349 -0.000000 0.000000 1.000000 1.000000 0.000000 0.000000 0.000000 1.000000 -0.000000 2780.dat
1 14 640.106262 10.000000 140.045349 -0.000000 0.000000 1.000000 1.000000 0.000000 0.000000 0.000000 1.000000 -0.000000 2780.dat
1 14 0.183686 10.000000 159.994781 -0.000000 0.000000 1.000000 1.000000 0.000000 0.000000 0.000000 1.000000 -0.000000 2780.dat
1 14 0.183686 10.000000 139.994781 -0.000000 0.000000 1.000000 1.000000 0.000000 0.000000 0.000000 1.000000 -0.000000 2780.dat
1 14 140.000000 610.000000 680.000000 -0.000000 0.000000 1.000000 1.000000 0.000000 0.000000 0.000000 1.000000 -0.000000 2780.dat
1 14 160.000000 590.000000 680.000000 0.000000 1.000000 0.000000 -1.000000 0.000000 0.000000 0.000000 0.000000 1.000000 2780.dat
1 14 320.000000 590.000000 680.000000 0.000000 1.000000 0.000000 -1.000000 0.000000 0.000000 0.000000 0.000000 1.000000 2780.dat
1 14 400.000000 610.000000 680.000000 -0.000000 0.000000 1.000000 1.000000 0.000000 0.000000 0.000000 1.000000 -0.000000 2780.dat
1 14 420.000000 610.000000 680.000000 -0.000000 0.000000 1.000000 1.000000 0.000000 0.000000 0.000000 1.000000 -0.000000 2780.dat
1 14 160.000000 610.000000 680.000000 0.000000 1.000000 0.000000 -1.000000 0.000000 0.000000 0.000000 0.000000 1.000000 2780.dat
1 14 0.000000 610.000000 680.000000 0.000000 1.000000 0.000000 -1.000000 0.000000 0.000000 0.000000 0.000000 1.000000 2780.dat
1 14 160.000000 570.000000 800.000000 0.000000 1.000000 0.000000 -1.000000 0.000000 0.000000 0.000000 0.000000 1.000000 2780.dat
1 14 320.000000 610.000000 680.000000 0.000000 1.000000 0.000000 -1.000000 0.000000 0.000000 0.000000 0.000000 1.000000 2780.dat
1 14 480.000000 610.000000 800.000000 0.000000 1.000000 0.000000 -1.000000 0.000000 0.000000 0.000000 0.000000 1.000000 2780.dat
1 14 320.000000 590.000000 920.000000 -0.000000 0.000000 1.000000 1.000000 0.000000 0.000000 0.000000 1.000000 -0.000000 2780.dat
1 14 320.000000 570.000000 680.000000 -0.000000 0.000000 1.000000 1.000000 0.000000 0.000000 0.000000 1.000000 -0.000000 2780.dat
1 14 480.000000 600.000000 680.000000 0.000000 -1.000000 0.000000 0.000000 0.000000 1.000000 -1.000000 -0.000000 0.000000 6536_2_add_2.dat
1 14 480.000000 630.000000 680.000000 -0.000000 0.000000 1.000000 1.000000 0.000000 0.000000 0.000000 1.000000 -0.000000 2780.dat
1 14 480.000000 600.000000 680.000000 -0.000000 1.000000 0.000000 -0.000000 -0.000000 1.000000 1.000000 0.000000 0.000000 6536_2_add.dat
1 14 640.000000 610.000000 680.000000 0.000000 1.000000 0.000000 -1.000000 0.000000 0.000000 0.000000 0.000000 1.000000 2780.dat
1 14 416.000000 610.000000 848.000000 -0.000000 0.000000 1.000000 1.000000 0.000000 0.000000 0.000000 1.000000 -0.000000 2780.dat
1 14 480.000000 630.000000 800.000000 0.000000 1.000000 0.000000 -1.000000 0.000000 0.000000 0.000000 0.000000 1.000000 2780.dat
1 14 96.000000 590.000000 752.000000 0.000000 1.000000 0.000000 -1.000000 0.000000 0.000000 0.000000 0.000000 1.000000 2780.dat
1 14 160.000000 590.000000 800.000000 0.000000 1.000000 0.000000 -1.000000 0.000000 0.000000 0.000000 0.000000 1.000000 2780.dat
1 14 -0.000000 610.000000 400.000000 -0.000000 0.000000 1.000000 1.000000 0.000000 0.000000 0.000000 1.000000 -0.000000 2780.dat
1 14 -0.000000 610.000000 420.000000 -0.000000 0.000000 1.000000 1.000000 0.000000 0.000000 0.000000 1.000000 -0.000000 2780.dat
1 14 -20.000000 580.000000 640.000000 -0.000000 1.000000 0.000000 -0.000000 -0.000000 1.000000 1.000000 0.000000 0.000000 6536_2_add_2.dat
1 14 -0.000000 590.000000 680.000000 -0.000000 0.000000 1.000000 1.000000 0.000000 0.000000 0.000000 1.000000 -0.000000 2780.dat
1 14 320.000000 610.000000 920.000000 0.000000 1.000000 0.000000 -1.000000 0.000000 0.000000 0.000000 0.000000 1.000000 2780.dat
1 14 640.000000 590.000000 400.000000 -0.000000 0.000000 1.000000 1.000000 0.000000 0.000000 0.000000 1.000000 -0.000000 2780.dat
1 14 640.000000 590.000000 420.000000 -0.000000 0.000000 1.000000 1.000000 0.000000 0.000000 0.000000 1.000000 -0.000000 2780.dat
1 14 640.000000 590.000000 680.000000 -0.000000 0.000000 1.000000 1.000000 0.000000 0.000000 0.000000 1.000000 -0.000000 2780.dat
1 14 0.000000 610.000000 160.000000 0.000000 1.000000 0.000000 -1.000000 0.000000 0.000000 0.000000 0.000000 1.000000 2780.dat
1 14 0.000000 610.000000 140.000000 0.000000 1.000000 0.000000 -1.000000 0.000000 0.000000 0.000000 0.000000 1.000000 2780.dat
1 14 640.000000 610.000000 160.000000 -0.000000 0.000000 1.000000 1.000000 0.000000 0.000000 0.000000 1.000000 -0.000000 2780.dat
1 14 640.000000 610.000000 140.000000 -0.000000 0.000000 1.000000 1.000000 0.000000 0.000000 0.000000 1.000000 -0.000000 2780.dat
1 14 -19.000000 280.000000 670.000000 -0.000000 -1.000000 0.000000 0.000000 -0.000000 -1.000000 1.000000 -0.000000 0.000000 2780.dat
1 14 -19.000000 260.000000 670.000000 -0.000000 -1.000000 0.000000 0.000000 -0.000000 -1.000000 1.000000 -0.000000 0.000000 2780.dat
1 14 1.000000 40.000000 680.000000 0.000000 -1.000000 0.000000 -1.000000 -0.000000 0.000000 0.000000 -0.000000 -1.000000 6536_2_add_2.dat
1 14 -19.000000 520.000000 670.000000 0.000000 0.000000 1.000000 0.000000 1.000000 0.000000 -1.000000 0.000000 0.000000 2780.dat
1 14 -19.000000 540.000000 670.000000 0.000000 0.000000 1.000000 0.000000 1.000000 0.000000 -1.000000 0.000000 0.000000 2780.dat
1 14 1.000000 560.000000 680.000000 0.000000 -1.000000 0.000000 -1.000000 -0.000000 0.000000 0.000000 -0.000000 -1.000000 6536_2_add.dat
1 14 660.000000 340.000000 694.000000 -0.000000 -1.000000 0.000000 0.000000 -0.000000 -1.000000 1.000000 -0.000000 0.000000 2780.dat
1 14 660.000000 320.000000 694.000000 -0.000000 -1.000000 0.000000 0.000000 -0.000000 -1.000000 1.000000 -0.000000 0.000000 2780.dat
1 14 660.000000 80.000000 694.000000 0.000000 0.000000 1.000000 0.000000 1.000000 0.000000 -1.000000 0.000000 0.000000 2780.dat
1 14 660.000000 60.000000 694.000000 0.000000 0.000000 1.000000 0.000000 1.000000 0.000000 -1.000000 0.000000 0.000000 2780.dat
1 14 160.000000 280.000000 670.000000 -0.000000 -1.000000 0.000000 0.000000 -0.000000 -1.000000 1.000000 -0.000000 0.000000 2780.dat
1 14 160.000000 260.000000 670.000000 -0.000000 -1.000000 0.000000 0.000000 -0.000000 -1.000000 1.000000 -0.000000 0.000000 2780.dat
1 14 160.000000 520.000000 670.000000 0.000000 0.000000 1.000000 0.000000 1.000000 0.000000 -1.000000 0.000000 0.000000 2780.dat
1 14 160.000000 540.000000 670.000000 0.000000 0.000000 1.000000 0.000000 1.000000 0.000000 -1.000000 0.000000 0.000000 2780.dat
1 14 160.000000 560.000000 680.000000 0.000000 -0.000000 1.000000 0.000000 1.000000 0.000000 -1.000000 -0.000000 0.000000 15100_1_add.dat
1 14 320.000000 540.000000 680.000000 0.000000 -0.000000 1.000000 0.000000 1.000000 0.000000 -1.000000 -0.000000 0.000000 15100_1_add.dat
1 14 320.000000 340.000000 670.000000 -0.000000 -1.000000 0.000000 0.000000 -0.000000 -1.000000 1.000000 -0.000000 0.000000 2780.dat
1 14 320.000000 320.000000 670.000000 -0.000000 -1.000000 0.000000 0.000000 -0.000000 -1.000000 1.000000 -0.000000 0.000000 2780.dat
1 14 320.000000 80.000000 670.000000 0.000000 0.000000 1.000000 0.000000 1.000000 0.000000 -1.000000 0.000000 0.000000 2780.dat
1 14 320.000000 60.000000 670.000000 0.000000 0.000000 1.000000 0.000000 1.000000 0.000000 -1.000000 0.000000 0.000000 2780.dat
1 14 320.000000 40.000000 680.000000 0.000000 0.000000 -1.000000 0.000000 -1.000000 -0.000000 -1.000000 0.000000 -0.000000 15100_1_add.dat
1 14 480.000000 280.000000 670.000000 -0.000000 -1.000000 0.000000 0.000000 -0.000000 -1.000000 1.000000 -0.000000 0.000000 2780.dat
1 14 480.000000 260.000000 670.000000 -0.000000 -1.000000 0.000000 0.000000 -0.000000 -1.000000 1.000000 -0.000000 0.000000 2780.dat
1 14 480.000000 520.000000 670.000000 0.000000 0.000000 1.000000 0.000000 1.000000 0.000000 -1.000000 0.000000 0.000000 2780.dat
1 14 480.000000 540.000000 670.000000 0.000000 0.000000 1.000000 0.000000 1.000000 0.000000 -1.000000 0.000000 0.000000 2780.dat
1 14 300.000000 280.000000 882.000000 -0.000000 -1.000000 0.000000 0.000000 -0.000000 -1.000000 1.000000 -0.000000 0.000000 2780.dat
1 14 300.000000 260.000000 882.000000 -0.000000 -1.000000 0.000000 0.000000 -0.000000 -1.000000 1.000000 -0.000000 0.000000 2780.dat
1 14 300.000000 520.000000 882.000000 0.000000 0.000000 1.000000 0.000000 1.000000 0.000000 -1.000000 0.000000 0.000000 2780.dat
1 14 300.000000 540.000000 882.000000 0.000000 0.000000 1.000000 0.000000 1.000000 0.000000 -1.000000 0.000000 0.000000 2780.dat