1 15 20.000000 160.000000 700.000000 1.000000 0.000000 0.000000 0.000000 0.000000 -1.000000 0.000000 1.000000 0.000000 32278.dat
1 15 20.000000 420.000000 680.000000 -1.000000 0.000000 0.000000 0.000000 0.000000 1.000000 0.000000 1.000000 0.000000 32278.dat
1 15 -20.000000 540.000000 700.000000 -1.000000 0.000000 0.000000 0.000000 0.000000 1.000000 0.000000 1.000000 0.000000 32316.dat
1 15 620.000000 480.000000 660.000000 1.000000 0.000000 0.000000 0.000000 0.000000 -1.000000 0.000000 1.000000 0.000000 32278.dat
1 15 620.000000 180.000000 680.000000 1.000000 0.000000 0.000000 0.000000 0.000000 -1.000000 0.000000 1.000000 0.000000 32278.dat
1 15 620.000000 60.000000 700.000000 1.000000 0.000000 0.000000 0.000000 0.000000 -1.000000 0.000000 1.000000 0.000000 32316.dat
1 15 140.000000 140.000000 700.000000 1.000000 0.000000 0.000000 0.000000 0.000000 -1.000000 0.000000 1.000000 0.000000 32278.dat
1 15 160.000000 420.000000 700.000000 -1.000000 0.000000 0.000000 0.000000 0.000000 1.000000 0.000000 1.000000 0.000000 32278.dat
1 15 140.000000 580.000000 700.000000 -1.000000 0.000000 0.000000 0.000000 0.000000 1.000000 0.000000 1.000000 0.000000 32316.dat
1 15 340.000000 460.000000 700.000000 1.000000 0.000000 0.000000 0.000000 0.000000 -1.000000 0.000000 1.000000 0.000000 32278.dat
1 15 340.000000 180.000000 680.000000 1.000000 0.000000 0.000000 0.000000 0.000000 -1.000000 0.000000 1.000000 0.000000 32278.dat
1 15 460.000000 120.000000 700.000000 1.000000 0.000000 0.000000 0.000000 0.000000 -1.000000 0.000000 1.000000 0.000000 32278.dat
1 15 460.000000 540.000000 700.000000 -1.000000 0.000000 0.000000 0.000000 0.000000 1.000000 0.000000 1.000000 0.000000 32316.dat
1 15 340.000000 160.000000 940.000000 1.000000 0.000000 0.000000 0.000000 0.000000 -1.000000 0.000000 1.000000 0.000000 32278.dat
1 15 300.000000 420.000000 920.000000 -1.000000 0.000000 0.000000 0.000000 0.000000 1.000000 0.000000 1.000000 0.000000 32278.dat
1 15 340.000000 560.000000 920.000000 -1.000000 0.000000 0.000000 0.000000 0.000000 1.000000 0.000000 1.000000 0.000000 32316.dat


1 15 528.069209 0.000000 764.054558 -0.600000 0.000000 0.800000 0.000000 1.000000 0.000000 -0.800000 0.000000 -0.600000 32278.dat
1 15 368.068411 20.000000 884.094086 -0.600000 0.000000 0.800000 0.000000 1.000000 0.000000 -0.800000 0.000000 -0.600000 32524.dat
1 15 400.070007 20.000000 740.015030 0.600000 0.000000 0.800000 0.000000 1.000000 0.000000 -0.800000 0.000000 0.600000 32525.dat
1 15 480.070007 -20.000000 740.015030 1.000000 0.000000 0.000000 0.000000 1.000000 0.000000 0.000000 0.000000 1.000000 32524.dat
1 15 320.066017 0.000000 800.212669 1.000000 0.000000 0.000000 0.000000 1.000000 0.000000 0.000000 0.000000 1.000000 41239.dat
1 15 208.066017 -20.000000 836.212669 0.600000 0.000000 0.800000 0.000000 1.000000 0.000000 -0.800000 0.000000 0.600000 32278.dat
1 15 48.117797 0.000000 716.103543 0.600000 0.000000 0.800000 0.000000 1.000000 0.000000 -0.800000 0.000000 0.600000 32524.dat
1 15 160.052074 0.000000 740.154899 1.000000 0.000000 0.000000 0.000000 1.000000 0.000000 0.000000 0.000000 1.000000 32524.dat
1 15 300.018339 -20.000000 680.102173 0.000000 0.000000 1.000000 0.000000 1.000000 0.000000 -1.000000 0.000000 0.000000 32278.dat
1 15 240.018339 -40.000000 740.102173 -0.600000 0.000000 0.800000 0.000000 1.000000 0.000000 -0.800000 0.000000 -0.600000 32525.dat
1 15 520.149875 0.000000 680.091407 0.000000 0.000000 1.000000 0.000000 1.000000 0.000000 -1.000000 0.000000 0.000000 32525.dat
1 15 640.106925 20.000000 540.023298 1.000000 0.000000 0.000000 0.000000 1.000000 0.000000 0.000000 0.000000 1.000000 32278.dat
1 15 80.216381 20.000000 680.026510 0.000000 0.000000 1.000000 0.000000 1.000000 0.000000 -1.000000 0.000000 0.000000 40490.dat
1 15 0.216381 -20.000000 540.026510 1.000000 0.000000 0.000000 0.000000 1.000000 0.000000 0.000000 0.000000 1.000000 32278.dat
1 15 640.106263 0.000000 280.045361 -1.000000 0.000000 0.000000 0.000000 1.000000 0.000000 -0.000000 0.000000 -1.000000 32278.dat
1 15 0.183686 0.000000 279.994776 -1.000000 0.000000 0.000000 0.000000 1.000000 0.000000 -0.000000 0.000000 -1.000000 32278.dat
1 15 640.105647 20.000000 80.065848 -1.000000 0.000000 0.000000 0.000000 1.000000 0.000000 -0.000000 0.000000 -1.000000 40490.dat
1 15 0.153327 20.000000 99.965309 -1.000000 0.000000 0.000000 0.000000 1.000000 0.000000 -0.000000 0.000000 -1.000000 32524.dat


1 15 280.000000 600.000000 680.000000 0.000000 0.000000 1.000000 0.000000 1.000000 0.000000 -1.000000 0.000000 0.000000 32278.dat
1 15 80.000000 620.000000 680.000000 -0.000000 0.000000 -1.000000 0.000000 1.000000 0.000000 1.000000 0.000000 -0.000000 40490.dat
1 15 160.000000 580.000000 740.000000 1.000000 0.000000 0.000000 0.000000 1.000000 0.000000 0.000000 0.000000 1.000000 32524.dat
1 15 400.000000 620.000000 740.000000 0.600000 0.000000 0.800000 0.000000 1.000000 0.000000 -0.800000 0.000000 0.600000 32525.dat
1 15 320.000000 580.000000 800.000000 1.000000 0.000000 0.000000 0.000000 1.000000 0.000000 0.000000 0.000000 1.000000 41239.dat
1 15 240.000000 560.000000 740.000000 -0.600000 0.000000 0.800000 0.000000 1.000000 0.000000 -0.800000 0.000000 -0.600000 32525.dat
1 15 520.000000 620.000000 680.000000 0.000000 0.000000 1.000000 0.000000 1.000000 0.000000 -1.000000 0.000000 0.000000 41239.dat
1 15 528.000000 600.000000 764.000000 -0.600000 0.000000 0.800000 0.000000 1.000000 0.000000 -0.800000 0.000000 -0.600000 32278.dat
1 15 480.000000 640.000000 740.000000 1.000000 0.000000 0.000000 0.000000 1.000000 0.000000 0.000000 0.000000 1.000000 32524.dat
1 15 208.000000 600.000000 836.000000 0.600000 0.000000 0.800000 0.000000 1.000000 0.000000 -0.800000 0.000000 0.600000 32278.dat
1 15 0.000000 600.000000 540.000000 1.000000 0.000000 0.000000 0.000000 1.000000 0.000000 0.000000 0.000000 1.000000 32278.dat
1 15 48.000000 580.000000 716.000000 0.600000 0.000000 0.800000 0.000000 1.000000 0.000000 -0.800000 0.000000 0.600000 32524.dat
1 15 368.000000 620.000000 884.000000 -0.600000 0.000000 0.800000 0.000000 1.000000 0.000000 -0.800000 0.000000 -0.600000 32524.dat
1 15 640.000000 580.000000 540.000000 1.000000 0.000000 0.000000 0.000000 1.000000 0.000000 0.000000 0.000000 1.000000 32278.dat
1 15 0.000000 620.000000 280.000000 -1.000000 0.000000 0.000000 0.000000 1.000000 0.000000 -0.000000 0.000000 -1.000000 32278.dat
1 15 640.000000 600.000000 280.000000 -1.000000 0.000000 0.000000 0.000000 1.000000 0.000000 -0.000000 0.000000 -1.000000 32278.dat
1 15 0.000000 600.000000 80.000000 -1.000000 0.000000 0.000000 0.000000 1.000000 0.000000 -0.000000 0.000000 -1.000000 40490.dat
1 15 640.000000 620.000000 80.000000 -1.000000 0.000000 0.000000 0.000000 1.000000 0.000000 -0.000000 0.000000 -1.000000 40490.dat



1 15 0.000000 140.000000 680.000000 1.000000 0.000000 0.000000 0.000000 0.000000 -1.000000 0.000000 1.000000 0.000000 32278.dat
1 15 0.000000 400.000000 700.000000 -1.000000 0.000000 0.000000 0.000000 0.000000 1.000000 -0.000000 1.000000 -0.000000 32278.dat
1 15 0.000000 560.000000 680.000000 -1.000000 0.000000 0.000000 0.000000 0.000000 1.000000 -0.000000 1.000000 -0.000000 32316.dat
1 15 640.000000 460.000000 680.000000 1.000000 0.000000 0.000000 0.000000 0.000000 -1.000000 0.000000 1.000000 0.000000 32278.dat
1 15 640.000000 200.000000 700.000000 1.000000 0.000000 0.000000 0.000000 0.000000 -1.000000 0.000000 1.000000 0.000000 32278.dat
1 15 640.000000 40.000000 680.000000 1.000000 0.000000 0.000000 0.000000 0.000000 -1.000000 0.000000 1.000000 0.000000 32316.dat
1 15 160.000000 140.000000 680.000000 1.000000 0.000000 0.000000 0.000000 0.000000 -1.000000 0.000000 1.000000 0.000000 32278.dat
1 15 160.000000 400.000000 700.000000 -1.000000 0.000000 0.000000 0.000000 0.000000 1.000000 -0.000000 1.000000 -0.000000 32278.dat
1 15 160.000000 560.000000 680.000000 -1.000000 0.000000 0.000000 0.000000 0.000000 1.000000 -0.000000 1.000000 -0.000000 32316.dat
1 15 320.000000 460.000000 680.000000 1.000000 0.000000 0.000000 0.000000 0.000000 -1.000000 0.000000 1.000000 0.000000 32278.dat
1 15 320.000000 200.000000 700.000000 1.000000 0.000000 0.000000 0.000000 0.000000 -1.000000 0.000000 1.000000 0.000000 32278.dat
1 15 320.000000 40.000000 680.000000 1.000000 0.000000 0.000000 0.000000 0.000000 -1.000000 0.000000 1.000000 0.000000 32316.dat
1 15 480.000000 140.000000 680.000000 1.000000 0.000000 0.000000 0.000000 0.000000 -1.000000 0.000000 1.000000 0.000000 32278.dat
1 15 480.000000 400.000000 700.000000 -1.000000 0.000000 0.000000 0.000000 0.000000 1.000000 -0.000000 1.000000 -0.000000 32278.dat
1 15 480.000000 560.000000 680.000000 -1.000000 0.000000 0.000000 0.000000 0.000000 1.000000 -0.000000 1.000000 -0.000000 32316.dat


1 15 320.000000 140.000000 920.000000 1.000000 0.000000 0.000000 0.000000 0.000000 -1.000000 0.000000 1.000000 0.000000 32278.dat
1 15 320.000000 400.000000 940.000000 -1.000000 0.000000 0.000000 0.000000 0.000000 1.000000 -0.000000 1.000000 -0.000000 32278.dat
1 15 320.000000 560.000000 920.000000 -1.000000 0.000000 0.000000 0.000000 0.000000 1.000000 -0.000000 1.000000 -0.000000 32316.dat